690
-0.004831	  0.5882	  0.2075
 0.03088	  0.6001	  0.3092
 -0.1001	  0.5909	  0.2670
 -0.1053	  0.5616	  0.1633
-0.05135	  0.6012	  0.3285
  0.1011	  0.5692	  0.2070
 -0.1788	  0.5491	  0.2168
 -0.1696	  0.5681	  0.3227
 0.02123	  0.5952	  0.3973
-0.03452	  0.5496	 0.09455
-0.08234	  0.5920	  0.3946
  0.1989	  0.5338	  0.2556
  0.1147	  0.5795	  0.3551
 -0.2640	  0.5055	  0.2548
-0.02268	  0.5752	  0.4974
 0.07294	  0.5319	 0.07305
 -0.1941	  0.4737	-0.007139
 -0.1371	  0.5063	 0.03065
 -0.1786	  0.5551	  0.4104
-0.06794	  0.5175	0.004997
 -0.1242	  0.5589	  0.4859
 0.03061	  0.5173	0.002472
  0.1744	  0.5545	  0.3978
  0.1036	  0.5659	  0.4634
 -0.2463	  0.5171	  0.4063
 -0.2089	  0.5146	  0.4984
  0.3117	  0.4484	  0.3002
  0.1903	  0.4745	 0.05189
 -0.2614	  0.4316	 0.02305
  0.1198	  0.4928	-0.009284
 0.05713	  0.5160	  0.6072
 -0.3291	  0.4291	  0.2295
-0.06930	  0.5333	  0.5822
 -0.1021	  0.5024	-0.08359
-0.003689	  0.5116	-0.09021
  0.2677	  0.4610	  0.1796
  0.2574	  0.5015	  0.3744
  0.2151	  0.5192	  0.4851
 0.09374	  0.4911	 -0.1128
-0.08989	  0.5065	 -0.1592
 -0.3120	  0.4623	  0.3505
  0.3279	  0.3939	  0.1945
  0.1143	  0.5341	  0.5507
-0.007338	  0.4583	  0.6735
 -0.2837	  0.4750	  0.4557
 -0.1739	  0.4920	  0.5866
 -0.1681	  0.4805	 -0.1671
 -0.1124	  0.4488	  0.6653
 0.03558	  0.5175	 -0.2270
 -0.3733	  0.3743	  0.3161
 -0.3666	  0.3493	  0.1801
  0.2627	  0.3923	 0.02254
  0.1741	  0.4487	 -0.1015
-0.08168	  0.5256	 -0.3000
  0.3657	  0.3708	  0.3028
  0.2952	  0.4594	  0.4338
 -0.3500	  0.3985	  0.4175
 -0.2583	  0.4457	  0.5610
 -0.2288	  0.4386	 -0.1030
  0.1747	  0.4738	  0.6121
  0.1406	  0.4821	 -0.2455
 0.02021	  0.5379	 -0.3256
  0.3828	  0.2897	  0.1898
  0.1059	  0.4376	  0.6805
 -0.4093	  0.2629	  0.2783
 -0.3873	  0.2248	  0.1227
 -0.3203	  0.4015	  0.5221
 -0.1831	  0.4977	 -0.3104
  0.3059	  0.4229	  0.5086
  0.2580	  0.4310	  0.5790
 -0.2781	  0.3753	-0.09499
 -0.2196	  0.4530	 -0.2171
 -0.1418	  0.3429	  0.7283
  0.4058	  0.2566	  0.3063
  0.3493	  0.3006	  0.1047
  0.3497	  0.3951	  0.4227
-0.05475	  0.3550	  0.7424
-0.02578	  0.5670	 -0.4266
 -0.3318	  0.3183	 0.03557
  0.3900	  0.3152	  0.3911
  0.2938	  0.3095	-0.03282
 -0.4034	  0.2765	  0.4227
 -0.3712	  0.3135	  0.4895
 -0.2228	  0.4002	  0.6430
  0.4030	  0.1792	  0.1715
  0.2442	  0.3764	-0.09955
  0.2292	  0.3541	  0.6821
  0.1183	  0.5123	 -0.3310
 0.06382	  0.3691	  0.7365
 -0.3985	  0.2021	  0.1581
 -0.4136	  0.1570	  0.3344
 -0.2697	  0.3901	 -0.2124
 -0.1471	  0.5402	 -0.4092
  0.3145	  0.3552	  0.5838
  0.2322	  0.3889	 -0.2372
 0.06496	  0.5534	 -0.4118
 0.06028	  0.2688	  0.7799
 -0.4082	  0.1479	  0.2053
 -0.3711	  0.2178	 0.06995
 -0.2795	  0.3594	  0.6213
 -0.2316	  0.4934	 -0.3979
  0.4103	  0.2033	  0.4188
  0.3650	  0.3283	  0.5022
  0.1981	  0.4433	 -0.3277
  0.1478	  0.5171	 -0.4134
-0.03918	  0.6311	 -0.5790
 -0.4130	  0.1701	  0.1867
 -0.4501	  0.1971	  0.1857
 -0.4462	  0.2276	  0.1562
 -0.3235	  0.2723	-0.03375
 -0.3409	  0.2809	  0.5817
 -0.3041	  0.3013	 -0.1563
 -0.2544	  0.4464	 -0.3318
 -0.1132	  0.5833	 -0.4989
-0.06925	  0.2372	  0.7848
  0.4065	  0.1241	  0.1919
  0.3258	  0.2386	-0.02158
 -0.4080	 0.07354	  0.1816
 -0.4106	  0.1273	  0.1955
 -0.4488	  0.1554	  0.1987
 -0.4716	  0.2043	  0.1652
 -0.4586	  0.2383	  0.1175
 -0.4295	  0.2365	  0.1232
 -0.3927	  0.2157	  0.1031
 -0.3558	  0.1865	 0.01460
 -0.2195	  0.3142	  0.6979
  0.4018	 0.06892	  0.1776
  0.3822	  0.2143	 0.09645
  0.2812	  0.3066	 -0.1348
  0.1286	  0.3245	  0.7473
 0.05406	  0.5947	 -0.5186
 -0.3991	 0.05025	  0.2195
 -0.4764	  0.1648	  0.1840
 -0.4719	  0.2053	  0.1278
 -0.3838	  0.1948	  0.5183
 -0.3811	  0.2009	 0.05026
 -0.1995	  0.5507	 -0.4943
  0.3936	  0.2078	  0.1385
  0.3147	  0.2226	-0.08636
 -0.4525	 0.09439	  0.1910
 -0.4712	  0.1185	  0.1837
 -0.4503	  0.1758	  0.1503
 -0.4458	  0.1942	  0.1104
 -0.4630	  0.2197	 0.06550
 -0.4331	  0.2483	 0.06664
 -0.4020	  0.2232	 0.03153
 -0.3663	  0.1623	-0.004518
 -0.3069	  0.3262	 -0.3003
 -0.2965	  0.4401	 -0.4517
 -0.1652	  0.2488	  0.7533
  0.4493	  0.2083	  0.1624
  0.4572	  0.1714	  0.1831
  0.3695	  0.1923	 0.02982
  0.3591	  0.2014	 0.03256
  0.3865	  0.2554	  0.4940
  0.2738	  0.3009	  0.6686
  0.2289	  0.4394	 -0.4471
  0.1213	  0.5523	 -0.4766
 -0.3761	 -0.1544	  0.1097
 -0.4563	  0.1293	  0.1586
 -0.4721	  0.1565	  0.1042
 -0.4392	  0.1913	 0.05296
 -0.4285	  0.2328	 0.02092
 -0.3409	  0.1395	-0.04162
 -0.2833	  0.2869	  0.6555
 -0.1319	  0.6289	 -0.6007
  0.3968	0.001128	  0.2164
  0.3940	 0.02795	  0.1272
  0.4331	  0.1062	  0.1944
  0.4555	  0.1332	  0.1925
  0.4698	  0.2031	  0.1424
  0.4490	  0.2351	  0.1204
  0.4172	  0.2265	0.007107
  0.3448	  0.2778	  0.5952
  0.1671	  0.2332	  0.7647
  0.1907	  0.5342	 -0.5414
 0.03453	  0.1420	  0.8000
 -0.4391	 0.06115	  0.1638
 -0.4060	 0.04205	  0.1478
 -0.4611	  0.1305	 0.07348
 -0.4686	  0.1666	 0.06055
 -0.4431	  0.1883	-0.009463
 -0.4139	  0.2026	-0.02482
 -0.4122	  0.1548	  0.4412
 -0.3184	  0.1999	 -0.2043
 -0.3031	  0.2115	  0.6599
 -0.2998	  0.3781	 -0.3622
 -0.2839	  0.5026	 -0.5222
 -0.1681	  0.1530	  0.7669
-0.07240	 0.06848	  0.7935
  0.4494	 0.08657	  0.1826
  0.4682	  0.1464	  0.1696
  0.4479	  0.1687	  0.1390
  0.4494	  0.1957	 0.09781
  0.4681	  0.2179	  0.1054
  0.3707	  0.2033	  0.5708
  0.2525	  0.3645	 -0.3790
 -0.4257	 0.05724	  0.1228
 -0.4064	 0.09597	  0.1362
 -0.4260	  0.1115	  0.1216
 -0.4386	  0.1582	-0.01544
 -0.2418	  0.2267	  0.7147
  0.4247	 0.05075	  0.1437
  0.3892	 0.08174	  0.5001
  0.4568	  0.1185	  0.1638
  0.4389	  0.1332	  0.1457
  0.4633	  0.1643	 0.08445
  0.4532	  0.2216	 0.03405
  0.4424	  0.2413	 0.07815
  0.4049	  0.1903	-0.04292
  0.2851	  0.2840	 -0.2289
  0.2475	  0.2225	  0.7169
  0.2475	  0.4634	 -0.5262
 0.09640	  0.1661	  0.7891
 0.07131	  0.6485	 -0.6349
 -0.3999	 0.03076	  0.1132
 -0.3980	 0.09358	 0.08814
 -0.4143	 0.09868	 0.09645
 -0.4601	  0.1390	 0.02739
 -0.3484	 0.09021	-0.06995
  0.4337	 0.07674	  0.1494
  0.3956	  0.1082	  0.1311
  0.3310	  0.1687	-0.04821
  0.1594	  0.6045	 -0.6159
 -0.3989	 0.05990	 0.06876
 -0.3922	-0.006737	  0.4642
 -0.3900	  0.1272	-0.08093
 -0.3854	 0.04931	  0.5347
 -0.3239	  0.1220	 -0.1267
 -0.2686	 0.09993	  0.7088
  0.3828	 0.08738	  0.1203
  0.4281	  0.1305	 0.08076
  0.4551	  0.1532	 0.04154
  0.4584	  0.1808	 0.04162
  0.4370	  0.1749	-0.005137
  0.4360	  0.1948	-0.01904
  0.3637	  0.1493	-0.03228
  0.3436	  0.1234	-0.05974
  0.3082	 0.09635	 -0.1060
  0.2823	  0.2750	 -0.3931
  0.3169	  0.1950	  0.6599
0.001880	-0.06056	  0.7821
 -0.4048	 0.06175	 0.02505
 -0.3992	  0.1194	 0.05800
 -0.4299	  0.1138	-0.01639
 -0.4211	  0.1231	-0.07234
 -0.3516	  0.1337	  0.6067
 -0.2433	  0.5817	 -0.6050
  0.3941	 -0.1589	  0.1414
  0.3972	-0.06822	  0.1185
  0.4191	 0.06121	  0.1079
  0.3883	 0.02170	 0.07837
  0.4052	 0.06430	 0.08375
  0.3785	 0.09320	 0.09108
  0.3932	  0.1390	-0.08413
  0.3503	 0.08092	-0.09407
  0.1945	  0.1281	  0.7566
 -0.3816	 0.08342	 0.02957
 -0.3797	  0.1039	 0.04353
 -0.3251	-0.01051	  0.6425
 -0.3594	 0.03690	-0.09809
  0.3700	 -0.1715	  0.3865
  0.3965	 0.05078	 0.05545
  0.3795	  0.1393	 0.04924
  0.4472	  0.1533	0.004416
  0.4322	  0.1365	-0.01217
  0.4196	  0.1398	-0.06947
  0.2998	  0.1994	 -0.2585
  0.2771	  0.5354	 -0.6409
 -0.3637	 -0.1787	  0.2739
 -0.3749	0.008889	-0.003073
 -0.3927	 0.03317	-0.008795
 -0.3801	 0.08842	-0.002970
 -0.3894	  0.1151	 0.01520
 -0.4194	 0.09922	-0.05768
 -0.3224	  0.5453	 -0.6376
-0.08369	  0.6881	 -0.7022
  0.3472	 -0.2689	  0.2857
  0.3677	  0.1059	 0.04963
  0.3729	 0.08103	 0.05030
  0.3986	 0.07799	 0.02174
  0.3870	  0.1305	0.009958
  0.3560	 0.07163	  0.6007
  0.3232	 0.06539	-0.09841
  0.2999	 0.06294	 -0.1383
  0.2964	  0.1075	 -0.1796
  0.2714	  0.3658	 -0.4733
  0.3021	  0.4259	 -0.5762
  0.1227	0.007841	  0.7761
 -0.4203	 0.05692	-0.02181
 -0.4200	 0.07815	-0.08847
 -0.3888	 0.08250	 -0.1038
 -0.3028	 0.08619	 -0.2196
 -0.3181	  0.1651	 -0.3163
 -0.3254	  0.2405	 -0.3773
 -0.3431	  0.3494	 -0.4987
 -0.3701	  0.4811	 -0.6219
 -0.1848	-0.001397	  0.7544
 -0.1999	  0.6626	 -0.7060
  0.3913	 -0.1324	 0.06039
  0.3795	 0.03539	-0.02026
  0.3999	 0.06376	0.009263
  0.3475	  0.1025	 0.02600
  0.3601	  0.1092	-0.008860
  0.4178	  0.1104	-0.02432
  0.3912	 0.09347	 -0.1103
  0.2902	  0.1188	  0.6887
 -0.3679	 -0.1489	  0.4386
 -0.3939	 0.03360	-0.05329
 -0.4045	 0.03766	-0.07435
 -0.4016	 0.04358	 -0.1030
 -0.3665	0.008020	-0.07164
 -0.3337	  0.3007	 -0.4517
 -0.3451	  0.4135	 -0.5369
 -0.3977	  0.4125	 -0.6164
-0.08864	-0.09477	  0.7696
  0.3711	 0.07392	-0.02666
  0.4086	 0.09510	-0.08603
  0.3555	 0.04653	 -0.1121
  0.3122	 0.03563	  0.6544
  0.2873	 0.03288	 -0.2471
  0.2932	  0.1508	 -0.3463
  0.2947	  0.2585	 -0.4715
  0.1725	-0.03966	  0.7479
 -0.3393	 -0.2557	  0.2144
 -0.3302	  0.2212	 -0.4583
  0.3627	-0.06403	  0.5228
  0.3568	 0.01414	-0.05332
  0.3849	 0.04699	-0.04497
  0.3558	 0.07430	-0.01950
  0.4086	 0.06517	-0.03200
  0.3906	 0.05285	 -0.1080
  0.3403	 0.01543	-0.09499
  0.3076	  0.3349	 -0.5375
 -0.2851	 0.05561	 -0.2848
 -0.3829	  0.3330	 -0.5904
 -0.2537	-0.05405	  0.7039
 -0.1446	  0.6843	 -0.7457
-0.04616	 -0.1827	  0.7484
  0.3660	 -0.2477	  0.1603
  0.3486	-0.09792	 -0.1142
  0.2579	-0.08679	  0.6908
 0.04938	  0.6995	 -0.7327
 -0.3537	 -0.1078	  0.5621
 -0.3276	-0.06099	 -0.2609
 -0.3781	  0.5632	 -0.7104
 -0.2921	  0.6159	 -0.7039
  0.3760	 -0.2055	 0.06827
  0.3298	 -0.1083	  0.6007
  0.3911	  0.5263	 -0.7164
  0.1769	  0.6653	 -0.7120
 0.06110	 -0.1493	  0.7571
 -0.3488	-0.09000	 -0.1632
 -0.2967	 0.08912	 -0.3355
 -0.3488	  0.2795	 -0.5189
 -0.1823	 -0.1773	  0.7169
 -0.4464	  0.5043	 -0.7213
 -0.2876	  0.6300	 -0.7479
  0.3274	 -0.3003	  0.2102
  0.3265	-0.04661	 -0.2362
  0.2733	 0.06935	 -0.2906
  0.2925	  0.1933	 -0.4430
  0.3640	  0.3658	 -0.6278
  0.3685	  0.4533	 -0.6604
  0.3006	  0.6056	 -0.7229
  0.2007	  0.6555	 -0.7522
 -0.3056	 -0.2898	  0.1740
 -0.3394	 -0.2514	 0.08967
 -0.3435	 -0.2435	  0.3653
 -0.3675	 -0.1434	-0.01200
 -0.3274	 -0.2539	  0.4881
 -0.3415	  0.1920	 -0.5496
  0.3232	 -0.3080	  0.1211
  0.3455	 -0.1854	  0.4967
  0.3133	  0.2595	 -0.5361
 -0.2779	-0.004308	 -0.3019
 -0.3156	  0.1406	 -0.4730
 -0.2830	 -0.1864	  0.6420
 -0.4372	  0.5113	 -0.7430
  0.2948	 -0.3230	  0.1725
  0.3442	 -0.1768	-0.07365
  0.2650	 0.08146	 -0.3627
  0.1489	 -0.1668	  0.7278
 -0.2839	 -0.3720	  0.2552
 -0.2983	 -0.3254	  0.3132
 -0.2842	 -0.3482	  0.4198
 -0.3339	 -0.2225	-0.05659
 -0.3043	 -0.1966	 -0.1988
 -0.2420	-0.005938	 -0.3711
 -0.3720	  0.2414	 -0.5963
 -0.4822	  0.4310	 -0.7104
 0.03860	 -0.2310	  0.7278
-0.08022	 -0.2617	  0.7066
  0.2752	 -0.3978	  0.2437
  0.3222	 -0.3023	 0.01172
  0.3270	 -0.2895	  0.4452
  0.2427	 0.02392	 -0.3572
  0.2756	  0.1173	 -0.4572
  0.2994	  0.1773	 -0.5248
  0.3590	  0.2723	 -0.6235
  0.4518	  0.4604	 -0.7202
 -0.2607	 -0.3358	  0.1852
 -0.3155	 -0.1983	  0.5795
 -0.2502	 0.02692	 -0.4136
  0.2556	 -0.2210	  0.6371
  0.1158	 -0.2846	  0.6832
 -0.2715	 -0.3061	  0.1555
 -0.2796	 -0.3343	 0.07478
 -0.2615	 -0.3027	  0.5714
 -0.2910	 -0.1464	 -0.3381
 -0.2755	 0.05659	 -0.4910
 -0.4181	  0.2424	 -0.6631
 -0.4445	  0.3362	 -0.6637
 -0.2019	 -0.2684	  0.6566
  0.2563	 -0.3798	  0.1903
  0.2790	 -0.3807	  0.2965
  0.3033	 -0.3462	  0.3670
  0.2700	 -0.3459	  0.1346
  0.2901	 -0.2439	 -0.1655
  0.3135	 -0.1212	 -0.2878
  0.2957	-0.08299	 -0.3194
  0.1881	-0.004504	 -0.4519
 -0.2393	 -0.4225	  0.2643
 -0.2287	 -0.3828	  0.2157
 -0.2495	 -0.3277	  0.1690
 -0.3106	 -0.3024	0.009171
 -0.2814	-0.09070	 -0.3477
 -0.2298	-0.05725	 -0.3820
 -0.3059	 0.09656	 -0.5882
 -0.4943	  0.4161	 -0.7479
 0.02150	 -0.3376	  0.6566
 -0.1088	 -0.3309	  0.6441
  0.2311	 -0.4178	  0.1982
  0.2575	 -0.3552	  0.1750
  0.2896	 -0.2571	  0.5659
  0.3324	  0.1861	 -0.6197
  0.3931	  0.5294	 -0.7625
 -0.2284	 -0.3909	  0.1935
 -0.2519	 -0.3844	  0.3248
 -0.3520	  0.1498	 -0.6441
  0.2460	 -0.4024	  0.2162
  0.2258	 -0.4178	  0.2309
  0.2537	-0.05218	 -0.3504
  0.2195	 0.04606	 -0.5250
  0.2699	  0.1091	 -0.5513
 -0.2000	 -0.4035	  0.2251
 -0.2225	 -0.3706	  0.1848
 -0.2064	 -0.3751	  0.1619
 -0.2430	 -0.3372	  0.1343
 -0.2389	 -0.2986	 -0.2084
 -0.2650	 -0.2319	 -0.3078
 -0.4988	  0.3575	 -0.7169
  0.2405	 -0.4362	  0.2724
  0.2398	 -0.3802	  0.1497
  0.2241	 -0.4250	  0.3335
  0.2802	 -0.3575	 0.03271
  0.2532	 -0.3854	  0.4408
  0.2807	 -0.1640	 -0.3516
  0.4210	  0.3182	 -0.6783
  0.4748	  0.3449	 -0.6963
 -0.1803	 -0.4165	  0.2075
 -0.2028	 -0.3907	  0.1944
 -0.2033	 -0.3877	  0.1470
 -0.2404	 -0.3509	  0.1494
 -0.2449	 0.01618	 -0.6572
  0.1934	 -0.4347	  0.2086
  0.2227	 -0.3987	  0.1910
  0.2128	 -0.3989	  0.1668
  0.2308	 -0.3745	  0.1133
  0.2693	 -0.3488	-0.05524
  0.2665	 -0.3336	  0.5151
  0.2869	 -0.2002	 -0.2880
  0.1684	-0.07930	 -0.4401
  0.2894	  0.1066	 -0.6392
 -0.1620	 -0.4452	  0.2508
 -0.1555	 -0.4071	  0.2308
 -0.1858	 -0.4577	  0.2757
 -0.1441	 -0.4140	  0.2083
 -0.1624	 -0.4024	  0.2075
 -0.2130	 -0.3630	  0.1203
 -0.2081	 -0.3929	  0.4890
 -0.1982	-0.01862	 -0.4469
 -0.3821	  0.1299	 -0.7082
 -0.4751	  0.2588	 -0.7104
  0.1442	 -0.4259	  0.2111
  0.1758	 -0.4285	  0.2342
  0.2015	 -0.4474	  0.2561
  0.1852	 -0.4131	  0.2005
  0.2108	 -0.3972	  0.1387
  0.2315	 -0.1076	 -0.3916
  0.4627	  0.4307	 -0.7413
 -0.1115	 -0.4003	  0.1964
-0.08912	 -0.3730	  0.1781
 -0.1654	 -0.3924	  0.1600
 -0.1673	 -0.3783	  0.1118
 -0.1925	 -0.4321	  0.3443
 -0.2300	 -0.3872	0.002526
 -0.4891	  0.2959	 -0.7517
-0.05692	 -0.3983	  0.5833
  0.1453	 -0.4038	  0.1979
  0.1634	 -0.4780	  0.2786
  0.2000	 -0.4049	-0.003671
  0.2535	 -0.3104	 -0.1508
  0.2583	 -0.2645	 -0.2663
  0.2416	 0.06370	 -0.6175
  0.3892	  0.1643	 -0.7158
 -0.1184	 -0.4504	  0.2464
-0.09097	 -0.3816	  0.2117
 -0.1246	 -0.3971	  0.2280
-0.08951	 -0.3848	  0.1814
 -0.1219	 -0.3896	  0.1532
 -0.1640	 -0.3991	  0.1539
 -0.1595	 -0.3817	  0.5654
 -0.2405	 -0.1670	 -0.3967
 -0.1629	 -0.1163	 -0.4397
 -0.2193	0.004235	 -0.4952
 -0.3034	 0.06370	 -0.6887
 -0.4389	  0.1923	 -0.7430
 0.08223	 -0.3935	  0.2064
  0.1472	 -0.4214	  0.2124
  0.1136	 -0.3802	  0.1818
  0.1665	 -0.4629	  0.2557
  0.1713	 -0.4039	  0.1689
  0.1148	 -0.4575	  0.3848
  0.1875	 -0.3864	  0.1133
  0.1748	 -0.4088	  0.1568
  0.2065	 -0.3213	  0.6050
  0.4462	  0.2418	 -0.7392
  0.4721	  0.3469	 -0.7446
 0.07126	 -0.4175	  0.5529
  0.1236	 -0.3595	  0.6099
-0.08516	 -0.4556	  0.2364
-0.07533	 -0.4124	  0.2202
 -0.1075	 -0.4766	  0.2710
-0.06181	 -0.3864	  0.1980
-0.08858	 -0.3693	  0.1968
 -0.1309	 -0.3827	  0.1138
 -0.1718	 -0.3737	 -0.1540
 -0.1030	-0.07848	 -0.5127
  0.1137	 -0.4611	  0.2475
  0.1165	 -0.3960	  0.2182
  0.1346	 -0.3901	  0.1275
 0.09868	 -0.3903	  0.1687
  0.1759	 -0.3917	  0.5330
  0.2088	 -0.3458	 -0.1693
  0.1360	 -0.1639	 -0.4544
  0.1679	-0.003151	 -0.5860
  0.2791	 0.05849	 -0.7012
-0.04778	 -0.4464	  0.2011
-0.07935	 -0.3807	  0.1386
 -0.1828	 -0.3371	 -0.3236
 -0.2201	 -0.2331	 -0.4137
 -0.1534	-0.03338	 -0.5621
 -0.2805	 0.02929	 -0.7419
 0.07821	 -0.4503	  0.2234
 0.04915	 -0.4705	  0.2219
 0.06740	 -0.4161	  0.2019
  0.1027	 -0.3915	  0.1881
 0.09640	 -0.3902	  0.1459
  0.1721	 -0.3733	 -0.2286
  0.2215	 -0.2653	 -0.3881
  0.1958	 -0.2279	 -0.4281
-0.04407	 -0.4067	  0.1865
 -0.1054	 -0.4732	  0.3182
 -0.1168	 -0.4506	  0.3900
-0.04863	 -0.3935	  0.1642
 -0.1152	 -0.4022	 0.08337
-0.02950	 -0.4454	  0.4921
 0.09689	 -0.4762	  0.2576
 0.07223	 -0.3940	  0.1780
  0.1362	 -0.4256	-0.001732
  0.1527	 -0.3992	 -0.1195
  0.1152	 -0.1034	 -0.4842
-0.06534	 -0.4181	  0.1190
 -0.1272	 -0.4251	  0.4973
 -0.1147	 -0.4304	-0.04285
 -0.1571	 -0.3845	 -0.2219
 0.05343	 -0.4471	  0.1920
 0.06371	 -0.4242	  0.1536
 0.04061	 -0.4895	  0.2813
  0.1642	 -0.4294	  0.4459
 0.08744	 -0.4495	 0.02626
  0.1891	 -0.3379	 -0.3450
  0.1860	-0.001332	 -0.6762
  0.3464	  0.1150	 -0.7452
-0.01590	 -0.4699	  0.2154
-0.01976	 -0.4652	  0.1833
-0.03649	 -0.4463	  0.1585
 -0.1288	 -0.3908	 -0.2900
 -0.1556	 -0.2958	 -0.4517
 0.05904	 -0.4610	 0.08603
  0.1182	-0.06175	 -0.5289
-0.09787	 -0.4349	 0.03658
 0.02354	 -0.4720	  0.1850
 0.03244	 -0.4842	  0.1587
-0.003690	 -0.5212	  0.1218
-0.05893	 -0.4630	 0.05621
 -0.1135	 -0.4392	 -0.2030
 -0.1096	 -0.4011	 -0.2197
 -0.1240	 -0.4091	 -0.2380
 -0.1710	 -0.3310	 -0.4111
-0.09113	 -0.1919	 -0.4654
-0.08044	-0.05725	 -0.6333
 -0.1803	-0.02877	 -0.7419
  0.1530	 -0.4103	 -0.2091
-0.02702	 -0.5381	 0.07826
-0.01537	 -0.4629	  0.3678
-0.08310	 -0.4530	-0.006340
-0.08027	 -0.1365	 -0.4848
  0.1396	 -0.4111	 -0.2516
  0.1198	-0.03794	 -0.6479
  0.2261	0.009676	 -0.7408
-0.04694	 -0.4751	-0.08929
-0.03390	 -0.5098	 -0.1446
-0.01171	 -0.1166	 -0.5270
 0.04180	 -0.5217	 0.07223
 0.09325	 -0.4550	-0.02555
  0.1117	 -0.3663	 -0.4617
-0.08163	 -0.4508	-0.06349
-0.07240	 -0.4785	 -0.1997
-0.06778	 -0.3473	 -0.4772
 0.08907	 -0.4559	-0.06713
  0.1346	 -0.4032	 -0.2137
  0.1117	 -0.4108	 -0.3224
  0.1582	 -0.3522	 -0.4116
  0.1040	 -0.2927	 -0.4694
 0.04800	 -0.2237	 -0.4729
 0.05583	 -0.1433	 -0.4911
 0.06028	 -0.1013	 -0.5389
 0.06045	-0.07137	 -0.6441
-0.08136	 -0.4949	-0.07577
-0.09678	 -0.4969	-0.05953
-0.06604	 -0.4572	 -0.2151
 -0.1067	 -0.4109	 -0.3960
-0.003734	 -0.1630	 -0.4884
 0.01217	 -0.5746	 0.04532
  0.1060	 -0.4922	-0.05931
 0.06148	 -0.4802	 -0.1208
 0.08456	 -0.4576	 -0.2111
 0.09532	 -0.4732	 -0.2395
-0.01228	 -0.5249	-0.08571
-0.03354	 -0.4722	-0.03967
-0.03314	 -0.4983	 -0.2219
-0.08288	 -0.4625	 -0.2371
-0.06034	 -0.4417	 -0.3067
 0.06887	 -0.4683	-0.07908
 0.07658	 -0.5002	 -0.1916
 0.08988	 -0.4271	 -0.4279
 0.01392	-0.09760	 -0.5996
-0.03689	 -0.5849	0.003558
-0.05795	 -0.5374	-0.05162
-0.01534	 -0.5185	 -0.1909
-0.03304	 -0.4729	 -0.2207
 -0.1074	-0.05069	 -0.7419
 0.04146	 -0.5730	 0.01258
 0.07229	 -0.5366	-0.02632
 0.08549	 -0.4862	-0.08017
 0.03472	 -0.4796	-0.06588
 0.03631	 -0.5105	 -0.1319
 0.02151	 -0.5263	-0.08076
 0.05610	 -0.4748	 -0.2109
 0.07126	 -0.4869	 -0.2661
-0.02925	 -0.5534	-0.07082
-0.05556	 -0.4864	 -0.2465
-0.02907	 -0.2460	 -0.4721
0.002636	-0.06800	 -0.6908
-0.02900	-0.05931	 -0.7419
 0.03562	 -0.4828	-0.04337
 0.06642	 -0.5338	-0.05844
 0.05806	 -0.4519	 -0.2986
 0.06908	-0.05401	 -0.7327
  0.1415	-0.03187	 -0.7419
 0.01881	 -0.5177	 -0.2004
0.003366	 -0.4871	 -0.2175
-0.02794	 -0.4956	 -0.2623
-0.009375	 -0.4591	 -0.2930
-0.09059	 -0.3993	 -0.4539
 0.01193	 -0.6018	-0.02652
 0.04440	 -0.5833	-0.04582
 0.06441	 -0.4988	 -0.2355
 0.01553	 -0.5017	 -0.2611
-0.03413	 -0.5931	-0.03930
 0.02127	 -0.5638	-0.07316
-0.003161	 -0.5860	-0.06795
 0.03311	 -0.3610	 -0.4821
-0.05040	 -0.4498	 -0.4130
 0.05811	 -0.4091	 -0.4664
-0.02613	 -0.4129	 -0.4690
 0.02241	 -0.4547	 -0.4190
-0.003758	  0.2617	 -0.7413
1376
3
   2	   0	   3
3
   1	   0	   4
3
   0	   1	   5
3
   2	   3	   6
3
   0	   2	   4
3
   3	   0	   9
3
   2	   6	   7
3
   4	  10	   8
3
  12	   1	   8
3
   4	   8	   1
3
   1	  12	   5
3
  10	  14	   8
3
   9	   0	  15
3
  18	  10	   7
3
  20	  14	  10
3
  11	   5	  12
3
   0	   5	  15
3
  21	   9	  15
3
  21	  19	   9
3
   6	  16	  13
3
   3	   9	  17
3
  10	  18	  20
3
  23	  12	   8
3
   6	  13	   7
3
   7	  24	  18
3
  12	  22	  11
3
  12	  23	  22
3
   7	  13	  24
3
  18	  25	  20
3
   8	  14	  23
3
  29	  21	  15
3
  19	  34	  33
3
  13	  16	  28
3
  33	  17	  19
3
  11	  36	  26
3
  36	  11	  22
3
  19	  21	  34
3
  30	  14	  32
3
  33	  34	  39
3
  24	  13	  40
3
  11	  35	  27
3
  22	  23	  37
3
  21	  29	  38
3
  21	  38	  34
3
  32	  43	  30
3
  13	  28	  31
3
  18	  24	  25
3
  33	  16	  17
3
  11	  26	  35
3
  15	  27	  29
3
  23	  42	  37
3
  20	  45	  32
3
  32	  47	  43
3
  48	  39	  34
3
  24	  40	  44
3
  24	  44	  25
3
  32	  45	  47
3
  41	  35	  26
3
  35	  41	  51
3
  35	  51	  27
3
  22	  37	  36
3
  40	  31	  49
3
  26	  54	  41
3
  29	  52	  38
3
  58	  28	  16
3
  52	  29	  27
3
  34	  38	  48
3
  60	  48	  38
3
  40	  49	  56
3
  40	  56	  44
3
  25	  44	  57
3
  16	  46	  58
3
  42	  59	  37
3
  50	  65	  64
3
  64	  49	  50
3
  31	  28	  50
3
  25	  57	  45
3
  39	  53	  46
3
  55	  26	  36
3
  30	  43	  63
3
  44	  56	  66
3
  44	  66	  57
3
  71	  58	  46
3
  67	  46	  53
3
  75	  55	  68
3
  30	  63	  59
3
  70	  28	  58
3
  71	  46	  67
3
  62	  54	  73
3
  62	  74	  41
3
  55	  37	  68
3
  37	  69	  68
3
  49	  81	  56
3
  83	  45	  57
3
  47	  45	  83
3
  84	  62	  73
3
  51	  74	  80
3
  49	  64	  81
3
  65	  50	  78
3
  56	  82	  66
3
  28	  70	  78
3
  91	  58	  71
3
  47	  83	  72
3
  79	  73	  54
3
  51	  80	  85
3
  93	  68	  69
3
  59	  86	  69
3
  94	  60	  52
3
  60	  87	  48
3
  64	  97	  90
3
  56	  81	  82
3
  70	  58	  91
3
  57	  99	  83
3
  53	  92	  67
3
  52	  85	  94
3
 103	  87	  60
3
  61	  95	  77
3
  64	  89	  97
3
 106	  97	  89
3
 108	 107	  89
3
  57	  66	  99
3
  67	 100	 112
3
 113	  77	 105
3
  86	  59	  63
3
  87	 103	 104
3
  61	  87	  95
3
  96	  88	  76
3
  97	 106	 118
3
  89	 107	 106
3
 119	 106	 107
3
 107	 108	 120
3
  89	 122	 108
3
 121	 108	 122
3
  65	  98	 123
3
  65	 123	  89
3
 110	  66	  82
3
  66	 110	  99
3
  53	  77	  92
3
  76	  72	 114
3
  79	  75	 102
3
  75	  68	 102
3
  86	  93	  69
3
 129	  63	  88
3
  87	 104	  95
3
 130	  77	  95
3
  77	 130	 105
3
 106	 119	 118
3
 133	 120	 121
3
 120	 108	 121
3
  89	 123	 122
3
  78	 109	 124
3
  91	  71	 112
3
 113	  92	  77
3
  62	  84	 137
3
  85	  80	 128
3
 118	 119	 139
3
  90	  97	 131
3
 120	 133	 132
3
 133	 142	 141
3
 133	 121	 143
3
 133	 143	 142
3
 123	 144	 122
3
  82	  81	 134
3
  98	 124	 135
3
 149	  72	 125
3
 151	 150	  84
3
 153	  74	 127
3
 116	 138	  80
3
  93	  86	 155
3
  63	 129	  86
3
  88	  96	 129
3
 157	  95	 104
3
 119	 140	 139
3
 132	 133	 140
3
 140	 141	 159
3
 142	 143	 161
3
 122	 144	 121
3
 123	 145	 144
3
 162	 144	 145
3
 135	 146	 145
3
  84	 115	 151
3
 169	 151	 115
3
  84	 150	 137
3
 137	 150	 171
3
 137	 171	 127
3
 127	 172	 152
3
  73	  79	 101
3
  79	 102	 154
3
 127	 152	 153
3
 129	  96	 174
3
 177	 139	 140
3
 139	 177	 117
3
 178	 117	 177
3
 140	 133	 141
3
 179	 159	 160
3
 142	 161	 180
3
 142	 180	 160
3
 144	 143	 121
3
 161	 143	 181
3
 162	 145	 182
3
 124	 109	 163
3
 147	 111	  91
3
 110	 185	 164
3
  91	 112	 186
3
 187	 148	 100
3
  92	 113	 136
3
 114	 149	 188
3
 115	 126	 168
3
 115	 168	 169
3
 190	 169	 168
3
 151	 169	 191
3
 151	 191	 170
3
 102	  68	  93
3
 102	  93	 173
3
 102	 173	 154
3
  93	 155	 173
3
 103	  94	 196
3
 175	 157	 104
3
 114	 189	 176
3
 177	 197	 178
3
 177	 140	 197
3
 198	 197	 140
3
 140	 159	 199
3
 161	 181	 200
3
 161	 200	 180
3
 162	 182	 181
3
 145	 146	 182
3
 164	 201	 125
3
 100	 136	 187
3
 114	 188	 189
3
 126	 202	 190
3
 168	 126	 190
3
 170	 191	 192
3
 205	 192	 191
3
 170	 192	 193
3
 206	 193	 192
3
 207	 194	 193
3
 127	 171	 208
3
 127	 208	 172
3
 154	 173	 195
3
  80	 138	 128
3
 104	 103	 156
3
 105	 130	 214
3
 178	 131	 117
3
 140	 199	 198
3
 215	 178	 197
3
 197	 198	 216
3
 159	 179	 199
3
 217	 199	 179
3
 218	 180	 200
3
 219	 146	 163
3
 109	 111	 184
3
 201	 164	 185
3
 113	 165	 136
3
 221	 204	 220
3
 191	 204	 205
3
 192	 205	 206
3
 172	 208	 207
3
 116	 153	 222
3
  94	 128	 210
3
  86	 211	 155
3
  86	 174	 211
3
  96	 213	 174
3
 157	 223	 130
3
  96	 176	 213
3
 219	 226	 182
3
 225	 227	 183
3
 227	 134	 183
3
 228	 219	 163
3
 109	 184	 228
3
 109	 228	 163
3
 188	 201	 229
3
 149	 201	 188
3
 204	 221	 205
3
 220	 230	 221
3
 193	 206	 233
3
 234	 207	 193
3
 172	 207	 235
3
 172	 235	 209
3
 154	 195	 101
3
 209	 236	 152
3
 153	 237	 222
3
 238	 222	 237
3
 116	 222	 138
3
 128	 138	 210
3
 175	 223	 157
3
 131	 178	 215
3
 197	 224	 215
3
 179	 243	 217
3
 245	 181	 182
3
 134	 227	 246
3
 110	 134	 246
3
 110	 246	 185
3
 229	 201	 185
3
 112	 148	 186
3
 203	 248	 166
3
 252	 250	 251
3
 202	 167	 250
3
 251	 250	 167
3
 231	 205	 221
3
 221	 230	 253
3
 206	 232	 233
3
 193	 233	 234
3
 207	 234	 235
3
 254	 255	 236
3
 255	 237	 236
3
 237	 153	 236
3
 153	 152	 236
3
 222	 238	 138
3
 103	 196	 156
3
 240	 155	 211
3
 130	 223	 214
3
 189	 241	 176
3
 215	 224	 242
3
 217	 243	 216
3
 257	 242	 224
3
 218	 200	 244
3
 260	 219	 228
3
 136	 165	 247
3
 261	 248	 203
3
 166	 248	 249
3
 167	 166	 249
3
 202	 250	 220
3
 252	 230	 250
3
 221	 253	 231
3
 263	 232	 231
3
 234	 265	 235
3
 234	 264	 265
3
 266	 209	 235
3
 236	 209	 254
3
 210	 267	 239
3
 175	 212	 268
3
 215	 158	 131
3
 216	 243	 258
3
 257	 224	 258
3
 242	 257	 271
3
 272	 271	 257
3
 243	 273	 258
3
 275	 187	 247
3
 251	 262	 252
3
 231	 253	 263
3
 262	 280	 279
3
 262	 279	 278
3
 232	 263	 265
3
 232	 265	 264
3
 101	 195	 203
3
 235	 265	 266
3
 209	 266	 254
3
 282	 203	 195
3
 211	 174	 256
3
 213	 256	 174
3
 288	 213	 176
3
 242	 271	 270
3
 257	 258	 272
3
 273	 272	 258
3
 271	 272	 289
3
 290	 274	 245
3
 226	 291	 245
3
 246	 227	 259
3
 246	 259	 229
3
 186	 148	 295
3
 297	 188	 229
3
 165	 276	 298
3
 253	 278	 263
3
 263	 281	 265
3
 278	 279	 302
3
 303	 304	 281
3
 265	 281	 304
3
 265	 304	 266
3
 254	 305	 255
3
 237	 255	 283
3
 237	 283	 238
3
 195	 240	 282
3
 240	 211	 306
3
 211	 256	 306
3
 213	 288	 256
3
 288	 176	 241
3
 158	 269	  90
3
 271	 289	 308
3
 271	 308	 270
3
 274	 308	 289
3
 291	 290	 245
3
 310	 291	 260
3
 312	 147	 186
3
 313	 295	 148
3
 148	 187	 313
3
 296	 187	 275
3
 262	 301	 280
3
 278	 302	 263
3
 303	 316	 304
3
 304	 317	 266
3
 254	 266	 305
3
 318	 283	 255
3
 320	 285	 284
3
 138	 285	 267
3
 196	 239	 286
3
 290	 291	 310
3
 290	 310	 309
3
 260	 311	 310
3
 147	 312	 294
3
 186	 295	 312
3
 203	 326	 261
3
 300	 327	 328
3
 316	 303	 329
3
 316	 330	 304
3
 330	 317	 304
3
 255	 305	 318
3
 331	 318	 305
3
 318	 332	 283
3
 282	 240	 306
3
 239	 267	 321
3
 286	 239	 322
3
 310	 311	 309
3
 311	 308	 309
3
 228	 292	 260
3
 336	 229	 259
3
 315	 189	 297
3
 327	 300	 251
3
 300	 328	 316
3
 330	 316	 328
3
 327	 331	 328
3
 305	 317	 331
3
 318	 331	 332
3
 223	 175	 268
3
 308	 311	 270
3
 184	 293	 292
3
 294	 325	 293
3
 312	 325	 294
3
 229	 336	 297
3
 296	 275	 345
3
 275	 247	 346
3
 247	 298	 346
3
 276	 342	 337
3
 315	 338	 241
3
 347	 299	 248
3
 300	 316	 329
3
 328	 331	 317
3
 328	 317	 330
3
 332	 331	 327
3
 203	 282	 326
3
 306	 256	 341
3
 214	 223	 350
3
 214	 350	 342
3
 351	 288	 241
3
 352	 311	 260
3
 260	 292	 344
3
 354	 325	 312
3
 354	 312	 295
3
 345	 356	 296
3
 275	 346	 345
3
 276	 337	 298
3
 340	 332	 327
3
 282	 348	 326
3
 359	 320	 332
3
 285	 360	 321
3
 239	 321	 361
3
 348	 282	 319
3
 365	 342	 350
3
 367	 324	 158
3
 368	 307	 269
3
 227	 343	 259
3
 354	 371	 325
3
 313	 335	 295
3
 297	 336	 355
3
 346	 298	 357
3
 298	 337	 357
3
 277	 358	 339
3
 248	 339	 347
3
 373	 261	 326
3
 374	 333	 322
3
 287	 362	 363
3
 223	 364	 350
3
 365	 350	 364
3
 370	 307	 368
3
 260	 344	 352
3
 334	 375	 292
3
 376	 293	 325
3
 295	 335	 354
3
 339	 358	 372
3
 319	 341	 348
3
 287	 333	 362
3
 436	 365	 364
3
 383	 324	 366
3
 324	 384	 368
3
 367	 158	 369
3
 352	 386	 369
3
 344	 292	 375
3
 375	 334	 388
3
 354	 335	 389
3
 354	 389	 371
3
 345	 378	 356
3
 345	 346	 357
3
 315	 355	 338
3
 241	 338	 351
3
 393	 379	 358
3
 395	 261	 373
3
 347	 380	 299
3
 299	 380	 340
3
 320	 396	 360
3
 321	 381	 397
3
 362	 333	 399
3
 351	 382	 288
3
 351	 391	 382
3
 368	 384	 385
3
 368	 385	 370
3
 369	 386	 367
3
 259	 343	 377
3
 352	 387	 386
3
 353	 388	 334
3
 353	 403	 388
3
 293	 376	 353
3
 325	 371	 376
3
 259	 377	 336
3
 355	 336	 377
3
 378	 345	 357
3
 338	 391	 351
3
 358	 379	 372
3
 332	 340	 359
3
 397	 361	 321
3
 341	 404	 348
3
 362	 400	 363
3
 382	 341	 323
3
 436	 364	 349
3
 391	 405	 382
3
 324	 383	 384
3
 370	 408	 402
3
 343	 402	 377
3
 410	 353	 376
3
 355	 392	 338
3
 338	 392	 391
3
 379	 393	 414
3
 393	 277	 415
3
 379	 417	 372
3
 326	 348	 373
3
 359	 420	 320
3
 419	 420	 359
3
 322	 361	 398
3
 333	 374	 399
3
 323	 288	 382
3
 344	 426	 409
3
 426	 344	 375
3
 427	 375	 388
3
 371	 428	 376
3
 335	 411	 389
3
 355	 377	 413
3
 379	 414	 433
3
 395	 277	 261
3
 398	 361	 397
3
 341	 382	 404
3
 382	 405	 404
3
 349	 400	 436
3
 383	 438	 384
3
 408	 377	 402
3
 375	 427	 426
3
 439	 428	 371
3
 439	 371	 389
3
 335	 412	 411
3
 335	 314	 412
3
 392	 430	 391
3
 417	 379	 433
3
 277	 416	 415
3
 394	 380	 347
3
 380	 394	 418
3
 396	 421	 381
3
 444	 398	 397
3
 399	 374	 435
3
 436	 400	 490
3
 401	 437	 423
3
 447	 446	 424
3
 446	 437	 424
3
 437	 401	 424
3
 384	 438	 385
3
 448	 424	 406
3
 448	 406	 407
3
 406	 366	 407
3
 367	 386	 425
3
 450	 387	 409
3
 392	 413	 431
3
 392	 431	 430
3
 433	 414	 432
3
 393	 440	 414
3
 432	 414	 440
3
 393	 452	 441
3
 372	 417	 455
3
 277	 395	 416
3
 348	 434	 373
3
 320	 442	 396
3
 397	 443	 444
3
 398	 444	 435
3
 423	 445	 422
3
 423	 437	 445
3
 460	 445	 437
3
 424	 448	 463
3
 424	 463	 447
3
 386	 387	 425
3
 353	 410	 403
3
 410	 428	 464
3
 411	 439	 389
3
 390	 429	 451
3
 432	 441	 465
3
 433	 432	 466
3
 468	 417	 453
3
 372	 455	 394
3
 395	 470	 456
3
 419	 380	 471
3
 419	 457	 420
3
 396	 442	 472
3
 396	 472	 421
3
 362	 399	 458
3
 400	 458	 459
3
 400	 459	 490
3
 475	 474	 445
3
 478	 477	 461
3
 437	 446	 461
3
 447	 461	 446
3
 447	 463	 462
3
 479	 462	 463
3
 448	 479	 463
3
 407	 479	 448
3
 413	 377	 408
3
 465	 441	 485
3
 465	 485	 484
3
 432	 465	 487
3
 432	 487	 466
3
 454	 452	 415
3
 433	 466	 467
3
 453	 467	 488
3
 453	 488	 468
3
 434	 395	 373
3
 471	 380	 418
3
 419	 471	 457
3
 420	 457	 489
3
 420	 489	 442
3
 489	 472	 442
3
 473	 435	 444
3
 445	 460	 475
3
 477	 475	 460
3
 461	 447	 493
3
 461	 493	 478
3
 494	 462	 479
3
 383	 422	 438
3
 495	 438	 422
3
 425	 496	 407
3
 408	 370	 385
3
 425	 387	 449
3
 450	 449	 387
3
 451	 497	 483
3
 497	 451	 429
3
 498	 430	 431
3
 441	 486	 485
3
 465	 484	 487
3
 499	 487	 484
3
 500	 486	 452
3
 452	 486	 441
3
 466	 487	 467
3
 395	 434	 470
3
 504	 473	 444
3
 506	 474	 475
3
 478	 493	 492
3
 510	 492	 493
3
 462	 494	 511
3
 438	 495	 385
3
 408	 385	 480
3
 425	 449	 496
3
 408	 512	 413
3
 513	 409	 426
3
 427	 388	 481
3
 388	 403	 481
3
 403	 410	 515
3
 486	 500	 521
3
 486	 521	 485
3
 487	 499	 522
3
 487	 522	 467
3
 452	 454	 500
3
 488	 467	 525
3
 488	 525	 524
3
 488	 524	 468
3
 394	 469	 418
3
 469	 502	 418
3
 444	 443	 504
3
 399	 435	 458
3
 458	 527	 459
3
 528	 490	 459
3
 506	 532	 531
3
 474	 506	 533
3
 474	 533	 476
3
 534	 507	 509
3
 492	 510	 509
3
 535	 509	 510
3
 493	 511	 510
3
 536	 510	 511
3
 410	 464	 515
3
 439	 482	 516
3
 439	 411	 482
3
 484	 540	 519
3
 523	 500	 454
3
 525	 467	 522
3
 542	 541	 525
3
 524	 525	 541
3
 434	 404	 526
3
 443	 546	 504
3
 527	 458	 435
3
 530	 430	 529
3
 531	 532	 548
3
 532	 507	 534
3
 422	 476	 495
3
 480	 385	 495
3
 509	 535	 549
3
 509	 549	 534
3
 510	 536	 549
3
 510	 549	 535
3
 511	 494	 536
3
 464	 428	 516
3
 483	 497	 517
3
 430	 498	 529
3
 485	 521	 539
3
 519	 540	 557
3
 519	 557	 520
3
 468	 524	 501
3
 434	 526	 470
3
 544	 502	 469
3
 471	 503	 560
3
 505	 473	 547
3
 584	 505	 547
3
 435	 505	 527
3
 405	 530	 526
3
 405	 526	 404
3
 532	 534	 562
3
 565	 534	 549
3
 566	 549	 536
3
 566	 536	 494
3
 494	 479	 566
3
 409	 551	 450
3
 409	 513	 551
3
 512	 431	 413
3
 431	 512	 498
3
 498	 567	 529
3
 539	 568	 555
3
 518	 554	 556
3
 518	 556	 569
3
 540	 518	 557
3
 520	 557	 542
3
 541	 570	 524
3
 524	 570	 501
3
 469	 571	 544
3
 561	 457	 560
3
 489	 561	 545
3
 545	 472	 489
3
 421	 472	 572
3
 473	 504	 547
3
 530	 543	 526
3
 534	 565	 562
3
 549	 566	 573
3
 575	 496	 537
3
 556	 554	 577
3
 558	 542	 569
3
 578	 581	 558
3
 470	 543	 456
3
 503	 559	 582
3
 504	 583	 547
3
 533	 585	 579
3
 579	 563	 533
3
 562	 565	 587
3
 562	 587	 548
3
 565	 549	 573
3
 480	 574	 512
3
 516	 553	 464
3
 558	 569	 578
3
 590	 581	 578
3
 544	 559	 502
3
 503	 582	 560
3
 545	 572	 472
3
 421	 572	 591
3
 579	 585	 555
3
 548	 586	 585
3
 548	 587	 586
3
 574	 480	 495
3
 592	 566	 496
3
 566	 479	 496
3
 577	 594	 578
3
 578	 594	 590
3
 455	 501	 469
3
 584	 547	 611
3
 585	 586	 593
3
 585	 593	 555
3
 566	 592	 573
3
 496	 575	 592
3
 599	 598	 576
3
 600	 450	 551
3
 514	 601	 589
3
 553	 603	 464
3
 577	 593	 594
3
 571	 469	 501
3
 586	 595	 593
3
 594	 593	 595
3
 586	 587	 605
3
 586	 605	 595
3
 563	 579	 606
3
 587	 573	 596
3
 573	 592	 596
3
 592	 575	 607
3
 576	 598	 597
3
 606	 579	 523
3
 501	 570	 571
3
 544	 604	 559
3
 580	 543	 529
3
 564	 567	 574
3
 596	 592	 607
3
 537	 576	 597
3
 601	 514	 608
3
 514	 538	 608
3
 614	 608	 538
3
 603	 602	 552
3
 570	 581	 616
3
 560	 617	 561
3
 537	 597	 613
3
 619	 613	 597
3
 589	 600	 551
3
 606	 523	 567
3
 604	 622	 559
3
 572	 545	 627
3
 628	 610	 591
3
 546	 610	 583
3
 575	 618	 607
3
 597	 632	 619
3
 597	 598	 632
3
 633	 588	 550
3
 608	 634	 601
3
 594	 635	 615
3
 590	 615	 581
3
 581	 615	 636
3
 581	 636	 616
3
 616	 621	 570
3
 604	 638	 622
3
 559	 622	 609
3
 609	 623	 559
3
 560	 624	 617
3
 617	 625	 561
3
 625	 545	 561
3
 595	 635	 594
3
 607	 605	 596
3
 605	 607	 631
3
 607	 618	 631
3
 618	 612	 630
3
 641	 630	 612
3
 599	 588	 643
3
 608	 614	 634
3
 616	 636	 621
3
 622	 638	 639
3
 647	 582	 623
3
 647	 624	 582
3
 545	 626	 627
3
 628	 627	 614
3
 630	 641	 650
3
 630	 650	 631
3
 651	 613	 619
3
 632	 643	 642
3
 602	 648	 614
3
 615	 635	 654
3
 621	 636	 656
3
 621	 656	 645
3
 637	 645	 657
3
 659	 658	 637
3
 627	 626	 634
3
 634	 614	 627
3
 628	 614	 648
3
 610	 629	 670
3
 641	 662	 650
3
 619	 652	 651
3
 642	 643	 663
3
 602	 665	 648
3
 603	 653	 602
3
 615	 654	 655
3
 668	 636	 655
3
 637	 657	 659
3
 624	 647	 617
3
 629	 648	 665
3
 629	 665	 670
3
 610	 670	 671
3
 640	 613	 658
3
 640	 658	 659
3
 641	 640	 662
3
 674	 642	 663
3
 676	 633	 600
3
 601	 634	 664
3
 635	 677	 654
3
 678	 655	 654
3
 667	 656	 668
3
 656	 636	 668
3
 672	 646	 658
3
 679	 680	 661
3
 680	 669	 661
3
 623	 669	 647
3
 677	 635	 649
3
 640	 659	 682
3
 640	 682	 662
3
 683	 681	 662
3
 646	 672	 660
3
 680	 673	 642
3
 600	 589	 676
3
 684	 620	 664
3
 634	 626	 664
3
 654	 677	 678
3
 655	 678	 668
3
 682	 667	 668
3
 639	 679	 661
3
 617	 684	 625
3
 545	 625	 626
3
 684	 626	 625
3
 649	 681	 677
3
 649	 631	 681
3
 657	 667	 659
3
 667	 682	 659
3
 662	 682	 683
3
 672	 673	 660
3
 679	 660	 673
3
 669	 680	 675
3
 685	 675	 644
3
 676	 685	 633
3
 620	 676	 589
3
 664	 626	 684
3
 668	 678	 682
3
 647	 686	 617
3
 684	 617	 686
3
 682	 678	 683
3
 673	 680	 679
3
 633	 685	 644
3
 676	 620	 687
3
 669	 675	 688
3
 681	 683	 677
3
 683	 678	 677
3
 675	 685	 688
3
 685	 676	 687
3
 620	 684	 687
3
 686	 647	 688
3
 669	 688	 647
3
 527	 528	 459
3
 428	 410	 376
3
 360	 285	 320
3
 601	 664	 620
3
 427	 481	 514
3
 538	 514	 481
3
  98	 135	 123
3
 145	 123	 135
3
  95	 157	 130
3
 630	 631	 618
3
 642	 673	 652
3
 663	 644	 674
3
 567	 523	 529
3
  96	  76	 114
3
 615	 655	 636
3
 473	 505	 435
3
 273	 244	 272
3
 289	 272	 244
3
 150	 170	 171
3
 189	 315	 241
3
 179	 218	 243
3
 471	 560	 457
3
 198	 199	 216
3
 217	 216	 199
3
 164	 125	  99
3
 550	 600	 633
3
 125	  72	  83
3
 319	 306	 341
3
  86	 129	 174
3
 591	 610	 546
3
  54	  26	  75
3
  55	  75	  26
3
 456	 543	 580
3
 240	 173	 155
3
 142	 160	 141
3
 159	 141	 160
3
 305	 266	 317
3
 151	 170	 150
3
 602	 614	 538
3
 149	 114	  72
3
 686	 688	 687
3
 685	 687	 688
3
 286	 156	 196
3
 320	 420	 442
3
  30	  59	  42
3
   9	  19	  17
3
 661	 669	 623
3
 561	 489	 457
3
  74	  51	  41
3
 146	 219	 182
3
 573	 587	 565
3
 171	 194	 208
3
 207	 208	 194
3
  13	  31	  40
3
 369	 311	 352
3
 482	 553	 516
3
 633	 644	 588
3
 392	 355	 413
3
 408	 480	 512
3
 393	 441	 440
3
 432	 440	 441
3
  52	  60	  38
3
 590	 594	 615
3
  62	  41	  54
3
 523	 579	 500
3
 622	 639	 609
3
 642	 674	 680
3
 686	 687	 684
3
 284	 332	 320
3
 546	 583	 504
3
  32	  14	  20
3
 390	 296	 356
3
  49	  31	  50
3
 599	 643	 598
3
 632	 598	 643
3
 559	 623	 582
3
 315	 297	 355
3
 165	 298	 247
3
 182	 226	 245
3
 139	 117	 118
3
 393	 415	 452
3
 321	 267	 285
3
  59	  69	  37
3
  91	 186	 147
3
 232	 264	 233
3
 234	 233	 264
3
 495	 564	 574
3
 453	 417	 433
3
 187	 136	 247
3
 210	 138	 267
3
 563	 606	 564
3
 567	 564	 606
3
 656	 667	 645
3
 657	 645	 667
3
 481	 403	 515
3
 299	 249	 248
3
  99	 110	 164
3
 602	 538	 552
3
 467	 453	 433
3
 555	 568	 579
3
 128	  94	  85
3
  61	  48	  87
3
 496	 479	 407
3
 335	 313	 314
3
 579	 568	 500
3
 230	 220	 250
3
  62	 137	  74
3
 127	  74	 137
3
 134	  81	 183
3
 523	 580	 529
3
 202	 126	 167
3
  83	  99	 125
3
 209	 152	 172
3
 559	 503	 502
3
 476	 533	 563
3
 475	 508	 506
3
 125	 201	 149
3
 391	 430	 405
3
 518	 539	 554
3
 555	 554	 539
3
 226	 219	 291
3
 260	 291	 219
3
 547	 583	 611
3
 114	 176	  96
3
 329	 303	 280
3
 405	 430	 530
3
 140	 119	 132
3
 229	 185	 246
3
 527	 505	 584
3
  77	  53	  61
3
 167	 126	 166
3
 171	 170	 194
3
 193	 194	 170
3
 324	 367	 366
3
 612	 618	 537
3
 268	 287	 363
3
 537	 613	 612
3
 475	 477	 508
3
 491	 508	 477
3
  67	 112	  71
3
 517	 553	 482
3
 300	 329	 301
3
 280	 301	 329
3
 361	 322	 239
3
 624	 560	 582
3
 619	 632	 652
3
 642	 652	 632
3
  67	  92	 100
3
  47	  76	  43
3
 400	 362	 458
3
 484	 485	 540
3
 499	 520	 522
3
 119	 107	 132
3
 120	 132	 107
3
 411	 412	 483
3
 451	 483	 412
3
 324	 368	 269
3
  54	  75	  79
3
  78	  70	 109
3
 189	 188	 297
3
 390	 314	 296
3
  98	  78	 124
3
 530	 529	 543
3
 183	  90	 225
3
 526	 543	 470
3
 428	 439	 516
3
 148	 112	 100
3
 173	 240	 195
3
 101	  79	 154
3
  20	  25	  45
3
  15	   5	  27
3
 506	 508	 532
3
 507	 532	 508
3
 621	 645	 571
3
 637	 571	 645
3
  55	  36	  37
3
 416	 395	 456
3
 558	 581	 541
3
 570	 541	 581
3
 184	 292	 228
3
  50	  28	  78
3
 156	 286	 212
3
  63	  43	  88
3
  76	  88	  43
3
 227	 225	 343
3
 307	 343	 225
3
 496	 449	 537
3
  65	  78	  98
3
 492	 509	 491
3
  94	 103	  60
3
 286	 322	 333
3
 605	 631	 649
3
 639	 638	 679
3
 660	 679	 638
3
 144	 162	 143
3
 181	 143	 162
3
 347	 339	 394
3
 372	 394	 339
3
 287	 286	 333
3
 358	 277	 393
3
  72	  76	  47
3
 422	 445	 476
3
 474	 476	 445
3
  65	  89	  64
3
 651	 672	 613
3
 658	 613	 672
3
 434	 348	 404
3
 562	 548	 532
3
 134	 110	  82
3
   5	  11	  27
3
 508	 491	 507
3
 509	 507	 491
3
 230	 252	 253
3
 290	 309	 274
3
 308	 274	 309
3
 604	 646	 638
3
 660	 638	 646
3
 136	 100	  92
3
 469	 394	 455
3
 306	 319	 282
3
 587	 596	 605
3
 558	 541	 542
3
 602	 653	 665
3
 666	 665	 653
3
 276	 105	 342
3
 158	  90	 131
3
  23	  14	  42
3
  30	  42	  14
3
 292	 293	 334
3
 353	 334	 293
3
 417	 468	 455
3
 501	 455	 468
3
  94	 210	 196
3
 239	 196	 210
3
 411	 483	 482
3
 517	 482	 483
3
 426	 427	 513
3
 514	 513	 427
3
 206	 205	 232
3
 231	 232	 205
3
 281	 263	 303
3
 302	 303	 263
3
 243	 218	 273
3
 244	 273	 218
3
 462	 511	 447
3
 493	 447	 511
3
 105	 214	 342
3
 548	 585	 531
3
 610	 628	 629
3
 648	 629	 628
3
 203	 166	 101
3
 158	 270	 369
3
 311	 369	 270
3
 456	 580	 454
3
 523	 454	 580
3
 620	 589	 601
3
 512	 574	 498
3
 567	 498	 574
3
 556	 577	 569
3
 578	 569	 577
3
 401	 366	 424
3
 406	 424	 366
3
 378	 429	 356
3
 390	 356	 429
3
 537	 449	 576
3
 550	 576	 449
3
 293	 184	 294
3
 324	 269	 158
3
 651	 652	 672
3
 673	 672	 652
3
  74	 153	  80
3
 116	  80	 153
3
 515	 552	 481
3
 538	 481	 552
3
 575	 537	 618
3
 513	 514	 551
3
 589	 551	 514
3
  97	 118	 131
3
 117	 131	 118
3
 520	 542	 522
3
 525	 522	 542
3
 495	 476	 564
3
 563	 564	 476
3
 253	 252	 278
3
 262	 278	 252
3
 181	 245	 200
3
 124	 163	 135
3
 146	 135	 163
3
 307	 370	 343
3
 402	 343	 370
3
 216	 258	 197
3
 224	 197	 258
3
  48	  61	  39
3
  53	  39	  61
3
 296	 314	 187
3
 313	 187	 314
3
 570	 621	 571
3
 397	 381	 443
3
 421	 443	 381
3
 344	 409	 352
3
 387	 352	 409
3
 555	 593	 554
3
 577	 554	 593
3
 643	 588	 663
3
 644	 663	 588
3
 359	 340	 419
3
 380	 419	 340
3
 179	 160	 218
3
 180	 218	 160
3
 450	 600	 449
3
 550	 449	 600
3
 423	 422	 401
3
 421	 591	 443
3
 546	 443	 591
3
  81	  64	 183
3
  90	 183	  64
3
 609	 639	 623
3
 661	 623	 639
3
 464	 603	 515
3
 552	 515	 603
3
 612	 613	 641
3
 640	 641	 613
3
 158	 215	 270
3
 242	 270	 215
3
 631	 650	 681
3
 662	 681	 650
3
 484	 519	 499
3
 583	 610	 611
3
 671	 611	 610
3
 251	 300	 262
3
 301	 262	 300
3
 500	 568	 521
3
 539	 521	 568
3
 519	 520	 499
3
 418	 502	 471
3
 503	 471	 502
3
 460	 437	 477
3
 461	 477	 437
3
  70	  91	 109
3
 111	 109	  91
3
 288	 323	 256
3
 341	 256	 323
3
 605	 649	 595
3
 635	 595	 649
3
 485	 539	 540
3
 518	 540	 539
3
 156	 212	 104
3
 175	 104	 212
3
 105	 276	 113
3
 165	 113	 276
3
 571	 646	 544
3
 604	 544	 646
3
 367	 425	 366
3
 407	 366	 425
3
  90	 269	 225
3
 307	 225	 269
3
 238	 283	 284
3
 332	 284	 283
3
 169	 190	 191
3
 204	 191	 190
3
 190	 202	 204
3
 220	 204	 202
3
 279	 280	 302
3
 303	 302	 280
3
 390	 451	 314
3
 412	 314	 451
3
  84	  73	 115
3
 101	 115	  73
3
 251	 299	 327
3
 340	 327	 299
3
   4	   2	  10
3
   7	  10	   2
3
 147	 294	 111
3
 184	 111	 294
3
 212	 286	 268
3
 287	 268	 286
3
 572	 627	 591
3
 628	 591	 627
3
 360	 396	 321
3
 381	 321	 396
3
  51	  85	  27
3
  52	  27	  85
3
 416	 456	 415
3
 454	 415	 456
3
 637	 658	 571
3
 646	 571	 658
3
 531	 585	 506
3
 533	 506	 585
3
 115	 101	 126
3
 166	 126	 101
3
 477	 478	 491
3
 492	 491	 478
3
 249	 299	 167
3
 251	 167	 299
3
 576	 550	 599
3
 588	 599	 550
3
 244	 200	 289
3
 674	 644	 680
3
 675	 680	 644
3
 200	 245	 289
3
 274	 289	 245
3
 248	 261	 339
3
 277	 339	 261
3
 374	 322	 435
3
 398	 435	 322
3
   3	  17	   6
3
  16	   6	  17
3
 238	 284	 138
3
 285	 138	 284
3
 349	 268	 400
3
 363	 400	 268
3
 383	 366	 422
3
 401	 422	 366
3
 268	 349	 223
3
 364	 223	 349
3
 557	 518	 542
3
 569	 542	 518
3
  33	  39	  16
3
  46	  16	  39
3
 689	 671	 670
3
 689	 670	 665
3
 689	 665	 666
3
 689	 666	 653
3
 689	 653	 603
3
 689	 603	 553
3
 689	 553	 517
3
 689	 517	 497
3
 689	 497	 429
3
 689	 429	 378
3
 689	 378	 357
3
 689	 357	 337
3
 689	 337	 342
3
 689	 342	 365
3
 689	 365	 436
3
 689	 436	 490
3
 689	 490	 528
3
 689	 528	 527
3
 689	 527	 584
3
 689	 584	 611
3
 689	 611	 671

