641
  0.8257	 -0.2237	  0.4569
   1.068	  0.2647	0.006113
 -0.3874	-0.03443	  0.9640
   1.104	  0.1467	 0.06286
   1.162	-0.006094	 -0.1552
 -0.6768	 -0.3290	  0.9634
 -0.8058	 -0.4379	 0.03611
-0.003060	 -0.6478	 -0.8235
 -0.1674	  0.1519	   1.158
 0.06569	 -0.6784	-0.08060
  0.2367	 -0.6530	 -0.8067
  0.5231	 -0.3007	  0.5399
 -0.2855	 -0.1823	  0.5407
 -0.6184	  0.2895	  0.9558
  0.3557	 -0.6501	 -0.7786
 -0.3683	 -0.4988	 -0.7376
 -0.2185	 -0.5193	 -0.7611
  0.5011	 -0.6590	 -0.7443
 -0.7427	 -0.6909	  0.4491
 -0.7880	 -0.5264	  0.8251
 -0.5956	 -0.4609	  0.8439
   1.048	 -0.3525	 -0.7584
 -0.7006	  0.3105	   1.046
  0.1029	 -0.6196	 -0.6960
  0.7681	 -0.3107	  0.4420
  0.2303	 -0.6748	 -0.6544
-0.05172	 -0.3593	  0.3699
 -0.1018	 -0.4798	 -0.6413
 -0.8140	  0.3243	-0.0005643
  0.4642	 -0.4103	  0.4503
-0.05610	 0.02848	  0.5063
 -0.8426	 -0.6239	  0.7017
   1.094	 -0.3730	 -0.6521
  0.1331	 0.05626	  0.5237
 -0.2484	 -0.4652	 -0.6165
  0.3647	 -0.7155	 -0.6128
  0.4956	 -0.7244	 -0.5780
  0.2267	  0.5433	   1.290
  0.8717	 -0.1495	  0.4329
 0.07115	 -0.3086	  0.4391
 -0.1517	 -0.4841	 -0.5288
  0.2660	 -0.7344	 -0.5268
 -0.6369	  0.2888	  0.4279
 -0.1187	  0.5151	 0.02236
 -0.5662	  0.6244	  0.9760
   1.139	 -0.3466	 -0.5393
 -0.3780	 -0.4014	 -0.5332
 0.08854	 -0.4545	  0.3090
   1.254	 -0.3145	 -0.5418
  0.4135	 -0.7596	 -0.4736
 -0.1830	  0.1345	  0.5130
 -0.4454	  0.4881	-0.09795
-0.03529	 -0.4926	 -0.4830
  0.4443	-0.07457	  0.5877
   1.076	-0.03800	  0.1773
  0.6212	  0.4599	  0.1875
  0.2704	 -0.7568	 -0.4057
   1.243	 -0.2540	 -0.4309
 -0.1305	  0.3604	   1.172
  0.4086	 -0.7776	 -0.3578
  0.5263	 -0.7534	 -0.3939
  0.2483	 -0.4929	  0.3237
 -0.1905	 -0.5189	 -0.3765
-0.01836	 -0.1817	  0.4756
 -0.6122	  0.4256	   1.068
  0.1853	 -0.7493	 -0.3299
   1.138	-0.003383	 0.01124
 -0.4736	 -0.5176	 -0.3379
 -0.3519	 -0.5238	 -0.3417
  0.4041	 -0.4896	  0.3461
  0.4647	 -0.7725	 -0.2628
  -1.067	 -0.1154	  0.5209
 -0.7294	  0.4496	   1.132
 -0.1291	  0.2605	   1.282
 -0.5733	 -0.3615	  0.9437
 -0.5798	 -0.5283	 -0.2685
  0.7080	 -0.4355	  0.3414
 -0.1411	 -0.5420	 -0.2381
  0.1626	 -0.7595	 -0.2250
 -0.4670	 -0.5609	 -0.2292
  0.3201	 -0.7794	 -0.2500
 -0.6989	  0.1025	  0.9708
 -0.2874	 -0.5496	 -0.2005
 -0.7915	 -0.6879	  0.5828
  0.5655	 -0.1921	  0.5704
  0.2247	 -0.7644	 -0.1095
  0.4470	 -0.7593	 -0.1156
 -0.4520	 -0.5808	 -0.1060
   1.054	  0.1094	  0.1887
  0.5940	-0.06787	  0.5813
  -1.062	 -0.3535	  0.4859
 -0.1260	 -0.5630	-0.08314
  0.2660	 -0.4033	  0.4321
  0.3004	-0.03570	  0.5733
 -0.5906	 -0.5667	-0.06941
 -0.3194	 -0.5616	-0.04671
  0.1999	 -0.1048	  0.5472
  0.4595	 -0.7191	-0.0004598
  0.5520	 -0.6955	-0.01237
  0.9263	 -0.2577	  0.3396
  0.7269	 -0.1533	  0.5198
 -0.4836	 -0.5529	 0.03659
  0.3241	 -0.7106	 0.01038
  0.6622	 -0.6348	 0.02145
 -0.8459	 0.05898	  0.9336
 -0.3141	 -0.5404	 0.06383
 -0.1916	 -0.5300	 0.06067
 -0.9632	 -0.1938	  0.1292
 -0.8548	 -0.5667	  0.2622
  0.4909	 -0.6487	 0.06621
-0.05291	 -0.5530	 0.06650
   1.093	  0.2740	 -0.1620
 -0.6621	 -0.5049	 0.09770
 -0.8355	-0.09511	  0.9729
 -0.2104	 -0.3610	  0.3594
 -0.4170	 -0.5030	  0.1666
 0.02751	 -0.5174	  0.1795
  0.5754	 -0.5639	  0.1564
 -0.5605	 -0.4917	  0.1914
 -0.2621	 -0.4842	  0.1898
 -0.1298	 -0.4725	  0.2071
  0.7053	 -0.5126	  0.2146
  0.2171	 -0.5419	  0.2108
  0.3753	 -0.5365	  0.2448
 -0.3616	 -0.4309	  0.2893
-0.07225	 -0.4285	  0.2863
 -0.8838	  0.1837	  0.6715
 -0.6186	 -0.6106	  0.4073
 -0.3512	 -0.3636	  0.4022
  0.5949	 -0.5775	 -0.8798
  0.8035	 -0.4592	 -0.8542
   1.014	  0.3831	 -0.1375
  0.8720	 -0.3852	 -0.8543
  0.1892	  0.4794	   1.330
  0.7137	 -0.5457	 -0.8408
 -0.6455	 -0.6145	  0.5673
  0.1123	 -0.6856	 -0.8383
  0.1747	  0.3985	   1.199
 -0.3583	 -0.5645	 -0.8568
  -1.069	 -0.2091	  0.4272
   1.178	 -0.2653	 -0.7760
  0.6473	 -0.6081	 -0.7467
  0.9201	 -0.4125	 -0.7552
  0.7803	 -0.5304	 -0.7311
  0.9938	 -0.4420	-0.002415
   1.103	 -0.2566	0.006996
   1.152	 -0.1452	-0.08649
   1.231	 -0.3155	 -0.6618
 -0.2997	 -0.2910	  0.4859
  0.7175	 -0.6086	 -0.6417
  0.8532	 -0.5232	 -0.6188
  0.9818	 -0.4231	 -0.6339
  0.6249	 -0.6799	 -0.5794
 -0.1900	  0.1433	  0.9045
-0.02281	  0.2996	   1.301
 -0.5023	 -0.3949	  0.7426
  0.7593	 -0.6190	 -0.5427
  0.8876	 -0.5324	 -0.5077
   1.027	 -0.4125	 -0.5313
 -0.4201	 -0.3556	  0.6173
 -0.5957	 -0.5059	  0.7033
  0.8319	 -0.4745	  0.2032
   1.335	 -0.2479	 -0.4867
   1.045	 -0.2618	  0.1626
   1.023	  0.2460	  0.1438
  0.8850	 -0.5276	 0.05335
  0.7503	 -0.6405	 -0.4506
  0.9719	 -0.4770	 -0.4187
  0.5597	 -0.4895	  0.3066
  0.6474	 -0.7116	 -0.3702
   1.060	 -0.3793	 -0.4042
  0.8315	 -0.3856	  0.3315
  0.8697	 -0.5634	 -0.3874
 -0.5858	 -0.5139	  0.3097
 -0.5085	 -0.5014	  0.4552
  0.7676	 -0.6459	 -0.3482
   1.135	 -0.2794	 -0.3723
  0.9402	 -0.5235	 -0.3208
  -1.015	 -0.3237	  0.6950
 -0.4151	 -0.1981	  0.8439
  0.1189	  0.3246	   1.099
   1.006	 -0.4654	 -0.2832
 -0.3208	 0.03553	  0.8278
 0.06918	  0.3728	   1.317
   1.078	 -0.3607	 -0.2597
 -0.9603	 0.06924	  0.2211
 -0.4101	 -0.3928	  0.4968
  0.8440	 -0.6015	 -0.2360
 -0.5045	 -0.4533	  0.6056
  0.6888	 -0.6972	 -0.2300
-0.01580	  0.2470	   1.076
  0.9568	 -0.5250	 -0.2145
  0.5610	 -0.7510	 -0.2129
  0.9279	 -0.3825	  0.2335
   1.016	 -0.4579	 -0.1428
 -0.7007	 -0.6009	  0.7246
  0.6172	 -0.7096	-0.09953
  0.9276	 -0.5420	-0.09475
   1.095	 -0.3238	 -0.1250
-0.05493	  0.2307	   1.221
  0.7272	 -0.6591	 -0.1153
  0.7699	 -0.5655	 0.09758
 -0.2423	 0.07188	   1.015
 -0.4593	 -0.4480	  0.3276
 0.05715	  0.3085	   1.210
   1.134	  0.1525	-0.08249
  0.8134	 -0.6030	-0.04697
  0.9795	 -0.3926	  0.1227
 -0.8053	  0.5306	   1.087
  0.7468	  0.2320	 -0.9440
  0.7188	  0.4007	 -0.9045
  0.8128	  0.4732	 0.04533
 -0.9891	 -0.1880	-0.009400
 -0.3854	-0.09470	  0.8602
   1.249	-0.04605	 -0.7989
 -0.8670	  0.2093	  0.2037
  0.7427	  0.4882	 -0.8108
   1.301	 -0.1956	 -0.7303
   1.292	 0.08093	 -0.7293
  0.8317	  0.3918	 -0.7836
  0.9906	  0.3443	 0.05057
 -0.3726	  0.1199	  0.6517
   1.362	-0.04888	 -0.6699
  0.1001	  0.3350	  0.3840
  0.7667	  0.1878	  0.4544
  0.9417	  0.3315	 -0.6942
 -0.5646	  0.9708	   1.181
 -0.5839	  0.9009	   1.063
 -0.5850	   1.067	   1.202
 -0.4223	 -0.2809	  0.7441
  -1.058	-0.01211	  0.4765
 0.06293	  0.2157	  0.4568
   1.363	 -0.1870	 -0.5798
   1.350	 0.08866	 -0.5805
   1.026	  0.3106	 -0.5763
  0.9110	  0.4458	 -0.5280
 -0.5586	  0.4868	  0.9861
   1.376	 -0.1358	 -0.4375
   1.379	-0.01244	 -0.4554
   1.093	  0.2573	 -0.4702
   1.139	  0.1773	 -0.3825
   1.001	  0.3653	 -0.4203
 -0.6764	 -0.4525	 -0.3289
 -0.7380	 -0.6066	  0.3078
   1.109	 -0.1397	 0.08585
  -1.053	 -0.4551	  0.4352
 -0.9838	-0.08173	  0.2144
 -0.5701	  0.2885	  0.8256
 -0.5756	   1.043	   1.269
   1.060	  0.3049	 -0.3144
 -0.3704	 -0.1299	  0.7386
  0.9477	  0.4514	 -0.3053
 -0.5690	  0.5487	   1.067
   1.170	0.008666	 -0.2835
   1.134	  0.1583	 -0.2417
 -0.5769	  0.7644	   1.050
  -1.028	 -0.1038	  0.6922
   1.145	 -0.1934	 -0.2349
 -0.9862	 0.09389	  0.4899
 -0.3624	 -0.2328	  0.6193
 -0.6465	  0.9472	   1.287
 -0.7899	 -0.3738	  0.9320
 -0.6796	 -0.4459	  0.9121
 -0.9728	 -0.1276	  0.9041
 -0.9941	0.006348	 0.01352
 -0.5955	  0.8273	   1.188
  -1.045	-0.06578	  0.3541
  0.3357	 -0.1650	  0.5726
 -0.7196	  0.8180	   1.269
 -0.7360	 -0.2018	  0.9806
 -0.8549	  0.2642	 0.07847
 0.03567	-0.06793	  0.5043
  -1.025	 -0.2119	  0.7649
  -1.018	 -0.3274	  0.3429
 -0.6906	-0.05566	  0.9824
 -0.3135	  0.1092	   1.126
 -0.9308	  0.1797	-0.001319
 -0.5342	-0.02683	  0.9961
  0.3566	 -0.6051	  0.1190
  0.8710	  0.1309	  0.4071
 -0.1095	 -0.2687	  0.4400
 -0.8959	 -0.2460	  0.9464
 -0.6758	  0.6919	   1.195
   1.249	-0.002645	 -0.3510
  0.9558	 0.06346	  0.3434
 -0.2192	  0.5067	-0.03250
 0.08542	  0.4521	   1.386
 -0.4730	 -0.3133	  0.8835
   1.022	0.001034	  0.2728
  0.7023	  0.1145	  0.5152
 -0.3294	-0.05859	  0.6322
   1.296	-0.09858	 -0.3632
-0.09528	-0.08420	  0.5028
 -0.2206	-0.04655	  0.5377
 -0.5131	 -0.1960	  0.9553
 -0.6207	  0.5883	   1.134
  0.8214	0.009594	  0.4665
 -0.7438	  0.5643	   1.183
   1.192	 -0.1602	 -0.3333
  0.6125	 -0.3428	  0.4766
  0.9515	-0.08246	  0.3599
  0.5613	 0.07227	  0.5667
   1.026	 -0.1381	  0.2537
  0.6900	-0.006074	  0.5457
 -0.1651	 -0.1788	  0.4912
  0.2391	 -0.2497	  0.5250
  0.1086	 -0.1915	  0.5000
  0.4158	 -0.2806	  0.5435
  0.3139	 0.07496	  0.5630
 -0.7712	  0.2608	  0.5784
  0.7058	  0.4995	 0.06723
 -0.6169	  0.2709	  0.5587
 -0.5736	 -0.5324	 -0.8963
 -0.1990	 -0.5416	 -0.9121
 -0.7015	 -0.5163	 -0.1762
 -0.5791	 -0.4182	 -0.8728
 -0.4090	 0.05924	   1.052
 -0.1106	 -0.5772	 -0.8330
 0.05686	 -0.6836	 -0.2696
 -0.4989	 -0.5467	 -0.8372
 -0.9979	 -0.5853	  0.4339
 -0.9017	 -0.3379	 -0.1793
 -0.5693	-0.04942	 -0.8357
 -0.9444	 -0.5472	  0.6982
 -0.9082	 -0.6638	  0.5424
 -0.4920	 -0.4467	 -0.7547
 -0.9109	 -0.3489	-0.06329
 -0.4578	-0.05263	 -0.7442
 -0.9853	 -0.2789	  0.8799
-0.03349	 -0.5617	 -0.3381
 -0.9953	 -0.3322	  0.8063
 -0.9672	 -0.4433	  0.7530
-0.03185	 -0.6065	 -0.1752
 -0.3834	 -0.4049	 -0.6551
  0.1652	 -0.6202	 0.07101
 -0.4228	 -0.1166	 -0.6670
0.005269	 -0.5357	 -0.6502
 -0.7728	 -0.4343	 -0.2722
 -0.8358	 -0.3971	  0.1390
 -0.7559	  0.2727	  0.3316
 0.06323	 -0.5567	 -0.5456
 -0.7633	  0.3151	  0.1473
 -0.8160	 -0.4355	 -0.1650
  0.1438	 -0.6698	 -0.5268
 -0.9132	 -0.3943	  0.8741
 -0.2877	 -0.4878	 -0.4773
 -0.9083	 -0.3160	  0.1809
 -0.7938	  0.3616	   1.020
 -0.9722	 -0.5937	  0.5893
 0.04828	 -0.5789	 -0.4480
 -0.7749	  0.2098	  0.9637
 -0.4579	  0.1765	  0.7680
  0.1831	 -0.7162	-0.01239
 -0.6428	  0.4317	 -0.1241
 -0.8671	 -0.6685	  0.4051
 -0.3455	  0.2349	  0.9406
  0.1023	 -0.6781	 -0.4003
 -0.7168	 -0.5180	-0.02560
 -0.9140	 -0.3185	 0.05798
  -1.029	 -0.4685	  0.5734
 -0.7809	  0.7848	   1.104
 -0.6516	 0.06947	 -0.8579
 -0.4954	  0.1308	  0.9990
 -0.3049	  0.4134	  0.2963
 -0.2981	  0.3833	 -0.8704
 -0.5975	  0.1789	 -0.8532
 -0.5049	 -0.1998	 -0.8305
 -0.9815	-0.05128	  0.1108
  0.5233	  0.3538	  0.4212
 -0.8065	  0.7523	   1.209
 -0.1787	  0.4621	 -0.7898
 -0.4837	 -0.3378	 -0.7569
 -0.5182	 0.08618	 -0.7234
-0.02417	  0.5343	 -0.6831
-0.08600	  0.3954	 -0.6464
 -0.4789	-0.006436	 -0.6264
 -0.4206	 -0.2731	 -0.6306
 -0.9959	 0.03266	  0.6394
 -0.7638	  0.5969	  0.9437
  -1.048	 -0.2588	  0.5865
 -0.5102	  0.1277	 -0.5888
 0.09450	  0.4751	  0.2189
 -0.7827	  0.6722	   1.048
 -0.7818	  0.8887	   1.256
 -0.2588	  0.2400	   1.181
 -0.9797	 0.07687	-0.06823
-0.04866	  0.4947	 -0.5350
 -0.1158	  0.3871	 -0.5375
 -0.6409	  0.1686	 -0.4958
  0.4257	  0.6596	-0.01561
 0.03661	  0.6619	 -0.5103
 -0.6903	  0.9819	   1.145
 -0.6788	  0.9017	   1.010
 -0.6292	 -0.3729	 -0.4354
 -0.7152	  0.7329	  0.9250
 -0.8817	-0.09354	 -0.3369
 -0.8015	  0.6454	   1.156
-0.04517	  0.6185	 -0.3947
 -0.8854	 0.05806	 -0.3210
 -0.1407	  0.4799	 -0.3685
 -0.8045	  0.2211	 -0.3283
  0.4508	  0.4398	  0.3177
 -0.1031	  0.5529	-0.08882
  0.8067	  0.2602	  0.3791
  0.5665	  0.4272	  0.3121
  0.6972	  0.3787	  0.3170
 -0.9075	 -0.2389	 -0.2528
 -0.8087	  0.2440	  0.8241
 -0.9543	-0.06739	 -0.2220
  -1.022	 -0.1009	  0.8110
 -0.6693	   1.028	   1.273
 -0.9600	 0.04994	 -0.1764
  0.9275	  0.1995	  0.3175
 -0.9287	  0.1653	 -0.1661
-0.08823	  0.5945	 -0.2266
 -0.7706	  0.3672	 -0.1246
 -0.8613	  0.2830	 -0.1567
 -0.9672	 -0.2234	 -0.1332
 -0.9990	-0.06938	-0.09712
 -0.9489	 0.03033	  0.8073
 -0.7562	  0.4382	  0.8899
-0.01809	  0.6810	 -0.1433
  0.6760	  0.3181	  0.4116
  0.2205	  0.5105	  0.1575
  0.5918	  0.6012	-0.03276
 -0.2506	  0.3336	  0.4250
-0.04295	  0.3721	   1.317
  0.1635	  0.5136	   1.425
   1.326	 0.09345	 -0.4495
  0.4615	  0.4972	  0.1742
 -0.4747	  0.2481	 -0.8062
 -0.3699	  0.2011	   1.070
  0.9570	  0.2634	  0.2340
  0.7050	  0.5643	-0.06542
-0.02740	  0.4791	  0.1903
 -0.1780	  0.4428	  0.2445
  0.3481	  0.5308	  0.1148
  0.3412	  0.4768	  0.2369
  0.5655	  0.5354	 0.06094
 -0.5252	  0.1893	  0.8968
 -0.1652	  0.2646	  0.4586
  0.9196	  0.4392	-0.02861
  0.7858	  0.5612	 -0.5524
-0.01290	  0.5782	-0.01937
  0.8087	  0.3631	  0.2469
  0.2600	  0.7000	-0.04190
 -0.1616	  0.5870	 -0.9132
0.003808	  0.4109	  0.3028
   1.233	  0.1727	 -0.5024
  0.2264	  0.3522	  0.3932
 -0.4104	  0.3163	 -0.9169
-0.09619	  0.5693	 -0.8241
  0.2485	  0.2728	  0.4645
 -0.1472	  0.3713	  0.3562
   1.224	  0.1079	 -0.4003
 0.07678	  0.6877	-0.06084
  0.1066	  0.5568	 0.06594
  0.1937	  0.4269	  0.3009
  0.2949	  0.5912	 0.04840
  0.9138	  0.3635	  0.1503
 -0.2953	 0.09084	  0.5627
  0.4517	  0.5814	 0.04019
  0.3911	  0.1464	  0.5535
  0.4895	  0.1760	  0.5465
 -0.4741	  0.2268	  0.6011
 -0.3550	  0.3465	  0.4026
  0.3603	  0.3712	  0.3919
  0.2221	  0.1687	  0.5184
 -0.4754	  0.2980	  0.4496
-0.04421	  0.1600	  0.4773
  0.6053	  0.2301	  0.4948
  0.8018	  0.5337	 -0.1278
-0.03537	  0.3065	  0.3960
 -0.3148	  0.2399	  0.5111
  0.4293	  0.2621	  0.4954
  0.2971	  0.5480	 -0.9068
  0.1818	  0.5669	 -0.9084
 -0.4321	  0.4585	  0.1542
  0.5988	  0.5120	 -0.8764
  0.4295	  0.5509	 -0.8685
 0.05460	  0.5971	 -0.8482
 -0.5240	  0.4666	 0.02861
 -0.3432	  0.4975	 0.02255
-0.03416	  0.5141	 0.08402
   1.137	  0.1264	 -0.8186
  0.8802	  0.2694	 -0.8265
 -0.3503	  0.3082	 -0.7777
 0.09324	  0.4674	   1.225
  0.5384	  0.5949	 -0.7484
  0.3933	  0.6435	 -0.6986
  0.2594	  0.6292	 -0.7733
 -0.2516	  0.3033	   1.035
   1.049	  0.2395	 -0.7415
 -0.5790	  0.3531	  0.2932
  0.8390	  0.4798	 -0.6829
  0.6974	  0.5735	 -0.6811
 0.07670	 -0.6802	 -0.9231
 -0.2086	  0.3380	 -0.6884
 -0.6735	  0.4044	 0.03570
  0.2630	  0.6903	 -0.6163
  0.1199	  0.6579	 -0.6397
   1.195	  0.2026	 -0.6457
  0.5097	  0.6471	 -0.5859
 -0.4231	  0.2331	 -0.6569
 -0.3264	  0.3055	 -0.6027
 -0.5619	  0.2515	  0.6809
 -0.8788	  0.2046	  0.4549
  0.2190	  0.5030	   1.210
 -0.4588	  0.3971	  0.2900
  0.3224	  0.7079	 -0.5216
  0.6518	  0.6251	 -0.4990
 -0.4710	  0.2588	 -0.5310
 -0.8075	 -0.3422	 -0.3210
  0.1744	  0.7422	 -0.4607
 -0.2244	  0.3629	 -0.5132
 -0.3328	  0.3756	 -0.4398
  0.7767	  0.5737	 -0.3922
  0.5268	  0.6739	 -0.4061
  0.4085	  0.7013	 -0.4242
 -0.6055	  0.2977	 -0.4285
 -0.6520	  0.3696	  0.1802
 0.06197	  0.7430	 -0.3849
  0.6326	  0.6452	 -0.3480
  0.2885	  0.7439	 -0.3609
 -0.4792	  0.3837	 -0.3869
  0.1583	  0.7709	 -0.3046
  0.4162	  0.7198	 -0.2797
0.001163	  0.7161	 -0.2780
 -0.6031	  0.4011	 -0.3105
  0.1763	  0.5336	   1.378
  0.8288	  0.5410	 -0.2553
  0.2820	  0.7577	 -0.2456
 -0.7397	  0.3396	 -0.2755
  0.6750	  0.6171	 -0.2202
  0.5343	  0.6837	 -0.2445
 -0.1807	  0.4896	  0.1133
 -0.3075	  0.4640	 -0.2603
 -0.3042	  0.4716	  0.1592
 -0.5236	  0.4577	 -0.2171
 -0.5647	  0.4280	  0.1412
  0.5862	  0.6473	 -0.1375
 -0.1687	  0.5110	 -0.1779
  0.9165	  0.4765	 -0.1702
  0.3187	  0.7463	 -0.1499
  0.1385	  0.7590	 -0.1609
  0.4521	  0.7004	 -0.1177
 -0.2910	  0.4983	 -0.1211
-0.07009	  0.5762	 -0.9584
 0.06298	  0.5102	 -0.9617
  0.3643	  0.4423	 -0.9472
  0.6192	  0.3795	 -0.9637
  0.2033	  0.4610	 -0.9524
 -0.1982	  0.5003	 -0.9547
  0.5012	  0.4022	 -0.9527
-0.07993	  0.4101	 -0.9384
 0.07804	  0.3931	 -0.9247
  0.4394	  0.3138	 -0.9259
 -0.2624	  0.3500	 -0.9551
  0.2626	  0.3270	 -0.9097
  0.5727	  0.2093	 -0.9572
  0.9391	  0.1328	 -0.9004
 0.05128	  0.3017	 -0.8924
  0.3946	  0.1997	 -0.9070
 -0.5089	  0.2503	 -0.9536
-0.07299	  0.2255	 -0.9154
  0.1734	  0.1937	 -0.8909
  0.4928	 0.06496	 -0.9531
  0.7342	 0.04827	 -0.9652
  0.9152	-0.03854	 -0.9445
 -0.4287	  0.1866	 -0.9924
 -0.2518	  0.1662	 -0.9700
 -0.6326	 -0.2738	 -0.4912
  0.3005	 0.06343	 -0.9039
   1.088	-0.07204	 -0.8847
 -0.6125	  0.1326	 -0.9631
  0.5455	-0.07680	 -0.9626
  0.7643	 -0.1361	 -0.9574
 -0.1724	 0.01330	 -0.9573
 0.05305	0.007675	 -0.9160
  0.3745	-0.04057	 -0.9275
  0.6384	 -0.2134	 -0.9637
  0.4027	 -0.1546	 -0.9250
 -0.5533	-0.02921	 -0.9909
 -0.3674	-0.02396	 -0.9873
   1.088	 -0.2575	 -0.8438
  0.2559	 -0.1377	 -0.9032
 0.09622	 -0.1813	 -0.9105
  0.7784	 -0.3314	 -0.9361
  0.9509	 -0.2680	 -0.8781
 -0.6409	-0.03513	 -0.9370
  0.5061	 -0.2673	 -0.9324
 -0.4528	 -0.1830	 -0.9886
 -0.1836	 -0.2004	 -0.9588
  0.3707	 -0.2707	 -0.8978
  0.6370	 -0.3536	 -0.9621
 -0.9984	 -0.1990	  0.2734
 -0.7509	 -0.4806	  0.1924
 -0.5680	 -0.1568	 -0.9507
  0.2425	 -0.3159	 -0.8978
  0.6931	 -0.4723	 -0.9384
0.006231	 -0.2732	 -0.9172
  0.5168	 -0.4644	 -0.9515
 -0.5018	 -0.3258	 -0.5121
 -0.8985	 -0.4383	  0.2344
  0.1022	 -0.3373	 -0.9060
 -0.5490	 -0.3044	 -0.9673
 -0.4255	 -0.3390	 -0.9860
  0.3818	 -0.3878	 -0.9063
 -0.9517	 -0.5662	  0.3071
-0.07562	 -0.4006	 -0.9398
  0.4469	 -0.5746	 -0.9250
 -0.4850	 -0.4499	 -0.4203
 -0.7730	  0.1018	 -0.4408
 -0.6600	 0.01481	 -0.5307
 -0.3132	 -0.4644	 -0.9600
-0.06801	 -0.5243	 -0.9526
  -1.012	 -0.4632	  0.3259
 0.02466	 -0.5953	 -0.9505
  0.3278	 -0.6093	 -0.9156
 -0.8404	 -0.2050	 -0.3601
 -0.7443	 -0.2363	 -0.4381
 -0.4955	 -0.4961	 -0.9546
 -0.5449	 -0.1536	 -0.5585
  0.2036	 -0.6440	 -0.9294
 -0.7958	-0.04647	 -0.4406
 -0.7052	 -0.1329	 -0.5047
 -0.4105	 -0.5694	 -0.9260
 -0.1979	  0.2521	  0.9137
  0.1938	  0.4293	   1.130
 -0.5996	  0.4583	  0.8684
 -0.6400	  0.8295	  0.9413
 -0.3344	  0.1699	  0.8515
 -0.6647	  0.3058	  0.7388
 -0.6016	   1.007	   1.080
  0.1179	  0.3888	   1.085
-0.0003163	  0.3562	   1.064
 -0.1058	  0.2073	  0.9744
 -0.6610	  0.5877	  0.8594
 -0.6193	  0.7134	  0.9010
 -0.1085	  0.3139	  0.9912
  0.2126	 -0.4853	 -0.9454
1278
3
 512	 619	 620
3
 340	 336	  23
3
 615	 640	 617
3
  68	  67	 611
3
 513	 521	 525
3
 525	 521	 527
3
 296	  38	 300
3
  28	 270	 341
3
 469	 231	 472
3
 333	 371	 325
3
 190	 199	   8
3
 296	 279	 224
3
 433	 310	 211
3
 172	 175	 166
3
 413	 385	 276
3
 553	 549	 479
3
 301	  89	 303
3
 624	 612	 613
3
 297	 295	 282
3
 520	 539	 498
3
 549	 475	 479
3
 613	 612	 388
3
 305	 267	  96
3
 609	 640	 615
3
  57	 162	 237
3
 461	 436	 429
3
 417	 321	 326
3
 458	 436	 461
3
 318	 356	  65
3
  50	 460	 293
3
 195	  19	  31
3
 120	 125	 114
3
 281	 344	 261
3
 554	 561	 564
3
  66	   4	 205
3
 445	 389	 545
3
 494	 219	 216
3
  46	 376	 333
3
 152	 149	 156
3
 512	 337	 342
3
 177	 181	 191
3
 194	 191	 181
3
 612	 624	 398
3
  66	   3	  88
3
 283	 291	 238
3
 498	 539	 481
3
 467	 308	 462
3
 255	 265	 282
3
 251	 542	 131
3
 448	 428	 233
3
  76	 121	 161
3
 239	 240	 448
3
 420	 347	 208
3
 173	 243	 596
3
  49	  59	  56
3
 601	 594	 599
3
 609	 600	 604
3
 588	 132	 587
3
 431	 362	 316
3
  17	  36	  35
3
 276	 270	  28
3
  39	 306	  63
3
 528	 524	 519
3
 532	 528	 519
3
 552	 446	 547
3
 507	  37	 133
3
 167	 158	 170
3
 141	 129	 134
3
 379	  71	 139
3
 496	 136	   7
3
 457	 381	 447
3
 462	 463	 474
3
 526	 531	 543
3
  82	  68	  62
3
 410	 260	 248
3
 194	 197	 191
3
 358	 107	 212
3
 320	 324	 348
3
 504	 497	 486
3
 287	  74	  20
3
 119	 105	 106
3
 167	 177	 172
3
 129	 141	  17
3
 157	 150	 151
3
  20	 262	  19
3
 227	 226	 265
3
 489	 502	 488
3
 339	  42	 493
3
 421	 414	 402
3
 290	 293	 460
3
 532	 415	 353
3
 274	  81	 104
3
 109	  98	 103
3
  31	 323	 348
3
 315	 312	 319
3
  12	 293	 290
3
  94	 314	  75
3
  18	 243	 127
3
 298	 176	  57
3
 447	 381	 434
3
 456	 483	 434
3
 473	  50	 440
3
 585	 579	 581
3
 154	 204	 183
3
 262	  20	  74
3
 632	 505	 311
3
 631	 351	 439
3
 396	 297	 282
3
   4	 146	 257
3
 297	 396	 208
3
  72	 297	 208
3
  25	  10	  14
3
 640	 601	 610
3
 418	 264	 385
3
 328	 330	 344
3
 281	 328	 344
3
 397	 527	 521
3
 197	 144	 165
3
 229	 259	 250
3
 164	   1	 220
3
 486	 450	 430
3
 614	 621	 606
3
 355	 491	 627
3
 560	 568	 567
3
 511	 519	 524
3
 102	 278	 334
3
 576	 580	 575
3
 590	 581	 575
3
 450	 486	 364
3
 590	 593	 581
3
 429	 401	 404
3
  86	 192	 196
3
  90	 245	 359
3
 261	   5	 269
3
 421	 455	 544
3
  92	  29	 307
3
 356	 318	 329
3
 406	 619	 512
3
 109	  97	  98
3
 342	 314	 357
3
 138	  15	 319
3
 165	 144	 207
3
 423	 436	 458
3
  29	  69	 168
3
 133	  37	 529
3
 310	 433	 424
3
 266	 139	  71
3
 404	 368	 422
3
 112	 357	  94
3
 121	  76	 168
3
  79	  75	  67
3
 101	  95	 105
3
 531	 523	 525
3
 544	 445	 543
3
 182	 213	 250
3
 441	 542	 471
3
 338	 346	 358
3
  19	 344	 331
3
 162	  57	  48
3
  64	 236	 252
3
 466	 401	 437
3
 158	 151	  32
3
 466	 449	 452
3
 420	 637	 629
3
 516	 530	 251
3
 296	 303	 100
3
   5	 262	  74
3
 242	 337	 512
3
  16	  15	 138
3
 155	 160	 188
3
 344	 330	 331
3
 148	 114	 280
3
  60	  70	  59
3
  49	  60	  59
3
 249	 251	 131
3
 473	 460	  50
3
 292	 304	  63
3
 431	 384	 491
3
 558	 565	 561
3
 556	 562	 558
3
 459	 220	 441
3
 607	 593	 590
3
 489	 490	 499
3
 489	 499	 509
3
 631	 355	 627
3
 448	 454	 428
3
 224	 403	 422
3
 377	 258	 230
3
  81	 350	 104
3
  72	 347	  22
3
   2	 277	 294
3
 272	 330	 328
3
 226	 227	 633
3
 599	 594	 587
3
 345	  34	  40
3
 200	 196	 189
3
 359	 348	 323
3
 506	 339	 215
3
 624	 395	 398
3
 386	 397	 390
3
  70	 192	  86
3
   3	   1	 164
3
  88	   3	 164
3
 548	 551	 555
3
 548	 555	 554
3
  30	 271	  33
3
 256	 409	 419
3
 368	 401	 466
3
 319	  15	 325
3
 580	 594	 590
3
  80	  85	  78
3
  47	  61	  92
3
 227	 265	 255
3
 225	 219	 494
3
  46	 602	 376
3
  44	 252	 236
3
 354	 324	 320
3
 130	 132	 142
3
 417	 418	 408
3
 145	 244	 163
3
 367	 246	 185
3
  19	 262	 261
3
 262	   5	 261
3
 495	 488	 502
3
  63	 304	 280
3
 352	   9	  85
3
 142	 132	 588
3
 214	 218	 222
3
  27	  40	  34
3
 388	 519	 511
3
 333	 376	 371
3
 294	  74	 287
3
 394	 378	 382
3
 176	 298	 257
3
 184	 170	 176
3
 534	 540	 533
3
 522	 510	 517
3
 127	 173	 174
3
 135	 127	 174
3
 498	 353	 415
3
 585	 586	 578
3
 626	 621	 614
3
 331	 330	 178
3
 147	 217	 232
3
 569	 583	 582
3
 322	 589	 597
3
 148	  12	 259
3
 161	 121	 201
3
 111	 205	 254
3
 398	 395	 408
3
 234	 235	 241
3
 476	 551	 548
3
 431	 316	 275
3
 487	 286	 529
3
 601	 640	 607
3
 218	 214	 484
3
 379	 178	 272
3
 204	 154	 199
3
 402	 414	 541
3
 152	  36	  17
3
 242	 393	 611
3
 363	 465	 425
3
 623	  10	 136
3
 597	 589	 582
3
  61	 122	 123
3
 482	 537	 535
3
 403	 224	 279
3
 627	 636	 153
3
  43	 483	 443
3
  13	 247	 629
3
 259	 229	 159
3
 540	 534	 545
3
 440	 425	 473
3
 625	 622	 571
3
 298	 291	 283
3
 187	 191	 197
3
 192	  70	  60
3
 443	 483	 456
3
 473	 468	 464
3
 189	 196	 192
3
 170	 184	 181
3
 328	 281	 263
3
 539	 520	 493
3
 120	 119	 106
3
 276	 385	 264
3
 343	  41	  56
3
  33	  93	 308
3
 611	 393	 602
3
 292	 271	  30
3
 372	 322	 327
3
 515	 514	 504
3
 435	 453	 447
3
  84	  89	  53
3
 256	 272	 409
3
  33	  96	  93
3
 148	 128	 114
3
  32	  21	 140
3
  93	 267	  53
3
 302	  54	 288
3
  27	  16	 317
3
 516	 522	 533
3
 334	 116	 110
3
 115	 124	 203
3
 244	 145	 146
3
 504	 503	 511
3
 413	 411	 385
3
  66	 146	   4
3
 314	 342	 337
3
 122	  47	 116
3
 125	 120	 116
3
 265	 226	 260
3
 226	 248	 260
3
 144	 197	 194
3
 370	 497	 374
3
 183	 204	 137
3
 137	 133	 183
3
 126	 309	 506
3
  93	  96	 267
3
 155	 188	 159
3
  64	 252	 295
3
 468	 465	 508
3
 286	 183	 133
3
 134	 130	 143
3
 387	 374	 497
3
  62	  40	  52
3
  52	 349	 329
3
 190	 180	 204
3
 155	 159	 229
3
 172	 177	 187
3
 187	 175	 172
3
 325	  15	 333
3
 391	 392	 360
3
 240	 254	 253
3
 102	  97	 109
3
 109	 278	 102
3
 430	 450	 563
3
 485	 225	 492
3
 174	 173	 203
3
 186	 174	 203
3
 541	 414	 399
3
 397	 399	 414
3
 551	 549	 558
3
  76	 171	  24
3
  25	  41	 343
3
  25	  35	  41
3
 300	  38	  99
3
  99	 302	 300
3
 477	 537	 482
3
 639	 636	 627
3
 379	  90	 359
3
 559	 556	 553
3
 621	 312	 315
3
 368	 466	 474
3
 470	 368	 474
3
 223	 449	 457
3
  45	  48	  57
3
 444	 459	 211
3
  55	 404	 405
3
 509	 513	 523
3
 525	 523	 513
3
 222	 233	 238
3
 233	 428	 238
3
 398	 411	 413
3
 380	 511	 503
3
 517	 518	 526
3
 595	 273	 139
3
 266	 246	 595
3
 587	 132	 130
3
 130	 599	 587
3
 103	  98	 196
3
 206	 165	 201
3
 103	 196	 200
3
 240	 454	 448
3
 492	 225	 234
3
  52	  40	  27
3
  96	  33	 271
3
 470	 289	 224
3
 224	 422	 470
3
 193	 207	 163
3
 555	 561	 554
3
 604	 598	 640
3
 217	 147	 140
3
 510	 522	 516
3
 225	 485	 219
3
 160	 195	 135
3
 216	 210	 478
3
 239	 241	 249
3
 240	 239	 249
3
  53	 267	 307
3
 259	  12	 290
3
 290	 250	 259
3
 427	 529	 286
3
 210	 216	 219
3
  65	  78	 318
3
 430	 365	 372
3
 613	 388	 380
3
 372	 375	 380
3
  72	 208	 347
3
 475	 549	 551
3
 551	 476	 475
3
 473	 425	 465
3
  83	 135	 195
3
 442	 494	 495
3
 591	 606	 605
3
 605	 597	 591
3
 536	 546	 541
3
 360	 382	 396
3
 268	 383	 369
3
  21	  32	 151
3
 151	 142	  21
3
 595	 107	 346
3
 358	 346	 107
3
 487	 507	 628
3
 487	 634	 635
3
 628	 634	 487
3
 588	 587	 576
3
 532	 400	 416
3
 416	 415	 532
3
 495	 216	 478
3
 384	 275	   8
3
 354	 320	 608
3
 131	 441	 220
3
 332	  91	  77
3
 569	 563	 450
3
 476	 548	 480
3
 479	 475	 490
3
 490	 476	 480
3
 624	 625	 620
3
 227	 255	 630
3
 485	 560	 209
3
 182	   2	 213
3
 606	 591	 592
3
 592	 600	 609
3
 335	 327	 366
3
 273	 616	 245
3
  24	   0	 100
3
 557	 552	 554
3
 444	 405	 403
3
 422	 403	 405
3
 432	 459	 444
3
 596	 243	 108
3
 603	 346	 338
3
 341	 270	 215
3
 381	 457	 423
3
 587	 594	 580
3
 587	 580	 576
3
 623	 496	 617
3
  10	  25	  23
3
 564	 561	 565
3
 566	 579	 572
3
 524	 528	 538
3
 586	 600	 592
3
 347	 420	 407
3
 617	 496	   7
3
 560	 484	 573
3
 484	 214	 573
3
 375	 335	 622
3
 309	 311	  42
3
 431	 275	 384
3
 361	 322	 372
3
 365	 361	 372
3
  58	 384	  73
3
  73	 426	  58
3
 576	 567	 568
3
 609	 615	 313
3
 614	 609	 313
3
 583	 577	 592
3
 592	 591	 583
3
 152	 156	 166
3
 113	 269	 274
3
  35	  36	  49
3
 404	 401	 368
3
 128	 148	 186
3
   2	 316	 277
3
 122	  61	  47
3
 168	 117	 121
3
 417	 406	 321
3
 308	 467	  33
3
 351	 631	 182
3
  24	 171	  99
3
 287	 179	 294
3
  85	  80	  86
3
 470	 422	 368
3
 285	  43	 402
3
 443	 402	  43
3
 437	 423	 457
3
 212	 418	 417
3
  32	  45	 158
3
 223	 472	 231
3
 452	 449	 223
3
 369	 360	 396
3
 584	 140	  21
3
 161	 201	 165
3
 272	 178	 330
3
 419	 377	 256
3
 137	 204	 180
3
 180	 634	 628
3
 237	 238	 291
3
  87	  95	 101
3
 101	  94	  87
3
 167	 172	 157
3
 288	  54	  88
3
 437	 429	 436
3
 436	 423	 437
3
 386	 373	 374
3
 374	 387	 386
3
 222	 218	 233
3
 230	 266	  71
3
 413	 416	 400
3
 187	 177	 191
3
 626	 138	 319
3
  48	  45	 147
3
 425	 440	 453
3
 345	  62	  68
3
 375	 372	 327
3
 327	 335	 375
3
 426	  73	 154
3
 104	 350	 407
3
 271	 292	  63
3
 303	 296	 289
3
 247	  13	 439
3
 505	 632	 247
3
 202	   8	 275
3
 627	 491	 639
3
 304	 292	 293
3
 293	  12	 304
3
 453	 472	 447
3
 264	 418	 212
3
 107	 246	 367
3
 366	 597	 605
3
  78	  85	   9
3
  82	  95	  87
3
  79	  67	  68
3
 294	 277	 274
3
 357	 314	  94
3
 394	 638	 637
3
 630	 638	 394
3
  64	  22	  13
3
 603	 108	 608
3
 608	 616	 603
3
  82	  77	  91
3
 411	 398	 408
3
 353	 498	 481
3
  26	 280	 114
3
 114	 125	  26
3
 131	 542	 441
3
 596	 108	 603
3
 338	 596	 603
3
 198	 184	 257
3
 284	 288	  88
3
 546	  51	 482
3
 482	 285	 546
3
 340	 349	  52
3
  11	 307	  29
3
 299	  11	  29
3
 461	 438	 424
3
 354	  18	  83
3
 324	 354	  83
3
 480	 548	 547
3
 451	 480	 547
3
 349	 340	 343
3
 356	 349	 343
3
 459	 432	 164
3
 220	 459	 164
3
 543	 445	 545
3
 591	 597	 582
3
 582	 583	 591
3
 392	 391	 633
3
 638	 630	 255
3
  44	 638	 255
3
 481	 539	 477
3
  16	  27	  34
3
  34	 333	  15
3
 282	 265	 268
3
 478	 210	 550
3
 500	 390	 513
3
 521	 513	 390
3
 143	 149	 141
3
 141	 134	 143
3
 517	 510	 502
3
 440	  50	 469
3
 288	 284	 300
3
 300	 302	 288
3
 306	 305	  96
3
 429	 437	 401
3
 237	 162	 232
3
 179	 229	 250
3
 250	 213	 179
3
 165	 206	 197
3
  62	 345	  40
3
 599	 130	 134
3
 129	 610	 601
3
 175	 189	 169
3
 169	 166	 175
3
 311	 505	 464
3
 415	 416	  28
3
 613	 625	 624
3
 491	 355	 431
3
 611	 602	  46
3
 391	 410	 228
3
  91	 110	 106
3
 241	 239	 234
3
  80	  59	  70
3
  70	  86	  80
3
 160	 155	  20
3
 499	 490	 500
3
 171	  76	 161
3
 161	 193	 171
3
 423	 458	 456
3
 455	 443	 456
3
 101	 115	 118
3
 146	  66	 244
3
 280	  26	  39
3
  39	  63	 280
3
  73	   8	 199
3
 556	 558	 549
3
 553	 556	 549
3
 279	 284	 412
3
 403	 279	 412
3
 595	 246	 107
3
 474	 466	 452
3
 383	 268	 260
3
 223	 457	 447
3
 447	 472	 223
3
 222	 232	 217
3
 217	 214	 222
3
 320	 245	 616
3
 616	 608	 320
3
 359	 245	 320
3
 348	 359	 320
3
 171	 193	  99
3
 640	 609	 604
3
  89	  84	 100
3
 100	 303	  89
3
 427	 286	 133
3
 301	 463	 462
3
 254	 205	   4
3
   4	 253	 254
3
 566	 575	 579
3
 581	 579	 575
3
 483	  43	 535
3
 434	 483	 535
3
  23	   7	 136
3
 136	  10	  23
3
 589	 361	 574
3
 389	 445	 458
3
 461	 389	 458
3
 618	  14	  10
3
 623	 618	  10
3
 254	 240	 249
3
 111	 254	 249
3
 205	 111	   1
3
   1	   3	 205
3
  13	  22	 350
3
  22	  64	  72
3
 285	 482	 535
3
 535	  43	 285
3
 119	 124	 115
3
 105	 119	 115
3
 228	 248	 226
3
 173	 127	 243
3
 495	 494	 216
3
 168	  69	 123
3
 302	 163	 244
3
 244	  54	 302
3
 473	 465	 468
3
 602	 393	 571
3
 571	 622	 602
3
 494	 442	 235
3
 510	 516	 442
3
 542	 251	 530
3
 471	 542	 530
3
 341	 520	 498
3
  28	 341	 498
3
 559	 562	 556
3
 382	 378	 208
3
 208	 396	 382
3
 523	 531	 526
3
 526	 518	 523
3
 186	 159	 188
3
 174	 186	 188
3
  61	 123	  69
3
 460	 221	 290
3
 441	 211	 459
3
 511	 380	 388
3
 103	 200	 206
3
 117	 103	 201
3
 206	 201	 103
3
 314	 337	 242
3
  75	 314	 242
3
 351	 221	 464
3
 464	 505	 351
3
 263	 281	 113
3
 419	 409	 263
3
 564	 570	 557
3
 209	 550	 210
3
 195	  31	  83
3
 352	  85	 102
3
 364	 486	 497
3
 497	 370	 364
3
 517	 526	 534
3
 522	 517	 534
3
 533	 522	 534
3
 145	 163	 207
3
 341	 215	 339
3
 490	 475	 476
3
 598	 593	 607
3
 607	 640	 598
3
 361	 365	 574
3
  90	 379	 139
3
 139	 273	  90
3
 433	 471	 533
3
 540	 424	 433
3
 433	 533	 540
3
  58	 635	 639
3
 392	 630	 394
3
 376	 602	 622
3
 140	 584	 573
3
  46	 333	  34
3
  34	 345	  46
3
 544	 455	 445
3
 435	 535	 537
3
 363	 435	 537
3
 363	 537	 477
3
   6	 357	 112
3
 596	 338	   6
3
 112	 596	   6
3
 118	 115	 203
3
 203	 173	 118
3
 589	 322	 361
3
  14	  17	  35
3
  35	  25	  14
3
 370	 451	 446
3
  30	 469	  50
3
 100	   0	  38
3
 296	 100	  38
3
 150	 157	 156
3
 149	 143	 150
3
 156	 149	 150
3
  56	  59	  80
3
  78	  65	  80
3
  80	  65	  56
3
 209	 560	 567
3
 559	 209	 567
3
  26	 125	  47
3
 116	  47	 125
3
 610	 618	 640
3
 536	 541	 399
3
  14	 618	 610
3
 604	 600	 586
3
 581	 593	 585
3
 585	 593	 598
3
 289	 470	 301
3
 463	 301	 470
3
 109	 103	 117
3
 637	 638	  44
3
 629	 637	  44
3
 236	 629	  44
3
 229	 179	 287
3
  19	 261	 344
3
 488	 478	 479
3
 315	 325	 371
3
 233	 218	 501
3
 501	 448	 233
3
  73	 384	   8
3
 202	 275	 316
3
 153	 202	 182
3
 189	 175	 187
3
 200	 189	 187
3
 399	 387	 514
3
  18	 354	 243
3
 562	 572	 565
3
 558	 562	 565
3
 135	  83	  18
3
   9	 352	 334
3
 184	 198	 194
3
 176	 257	 184
3
 249	 241	 251
3
 286	 487	 426
3
 278	 123	 122
3
 334	 278	 122
3
 625	 613	 622
3
 414	 421	 527
3
 397	 414	 527
3
 386	 387	 399
3
 399	 397	 386
3
 469	  30	  33
3
 231	 469	  33
3
 635	 634	 180
3
 305	 306	  39
3
  39	  92	 305
3
 451	 373	 480
3
 570	 577	 583
3
 569	 570	 583
3
 185	 246	 266
3
  76	  24	 299
3
 567	 576	 575
3
 277	 316	 362
3
 529	 427	 133
3
 248	 228	 410
3
 628	 137	 180
3
 194	 181	 184
3
 136	 496	 623
3
 329	 349	 356
3
 245	  90	 273
3
 199	 154	  73
3
 224	 289	 296
3
 523	 518	 509
3
 404	  55	 429
3
 303	 289	 301
3
 204	 199	 190
3
  15	  16	  34
3
  62	  77	  82
3
 422	 405	 404
3
 319	 325	 315
3
 334	 352	 102
3
 571	 620	 625
3
 595	 139	 266
3
 521	 390	 397
3
 104	 113	 274
3
 474	 463	 470
3
 137	 628	 507
3
 507	 133	 137
3
 415	  28	 498
3
 105	 115	 101
3
 201	 121	 117
3
 157	 172	 166
3
 166	 156	 157
3
 575	 580	 590
3
 260	 268	 265
3
 547	 446	 451
3
 167	 170	 181
3
 181	 177	 167
3
 321	 406	 512
3
 342	 321	 512
3
  98	  97	  86
3
 196	  98	  86
3
 541	 546	 285
3
 402	 541	 285
3
 131	 111	 249
3
 411	 408	 418
3
 418	 385	 411
3
 621	 626	 319
3
 319	 312	 621
3
 260	 410	 383
3
 356	 343	  56
3
  56	  65	 356
3
   6	 338	 358
3
 358	 326	   6
3
 263	 409	 272
3
 328	 263	 272
3
 508	 477	 539
3
 493	 508	 539
3
 438	  55	 310
3
 424	 438	 310
3
  21	 142	 588
3
 588	 584	  21
3
 428	 454	 283
3
 238	 428	 283
3
 453	 435	 363
3
 425	 453	 363
3
  72	  64	 295
3
 295	 297	  72
3
 147	  45	  32
3
  32	 140	 147
3
 183	 286	 426
3
 154	 183	 426
3
 454	 240	 253
3
 253	 283	 454
3
 205	   3	  66
3
 452	 467	 462
3
 462	 474	 452
3
 159	 186	 148
3
 259	 159	 148
3
 212	 417	 326
3
 326	 358	 212
3
 545	 534	 526
3
 543	 545	 526
3
 336	 340	  52
3
  27	 336	  52
3
 256	  71	 379
3
 379	 272	 256
3
 208	 378	 420
3
 622	 335	 376
3
   0	  24	  99
3
  99	  38	   0
3
 574	 582	 589
3
 128	 186	 203
3
 203	 124	 128
3
  41	  35	  49
3
  49	  56	  41
3
 443	 455	 421
3
 402	 443	 421
3
 169	 189	 192
3
  60	 169	 192
3
  75	 242	 611
3
 611	  67	  75
3
 468	  42	 311
3
 464	 468	 311
3
 412	 432	 444
3
 444	 403	 412
3
  84	  53	 307
3
 307	  11	  84
3
 161	 165	 207
3
 207	 193	 161
3
 158	 167	 157
3
 151	 158	 157
3
 110	 116	 120
3
 106	 110	 120
3
 304	  12	 148
3
 148	 280	 304
3
 127	 135	  18
3
 213	   2	 294
3
 294	 179	 213
3
 360	 392	 394
3
 394	 382	 360
3
 366	 327	 322
3
 597	 366	 322
3
 343	 340	  23
3
  23	  25	 343
3
 381	 423	 456
3
 434	 381	 456
3
 438	 461	 429
3
 429	  55	 438
3
 351	 505	 247
3
 247	 439	 351
3
 478	 488	 495
3
 531	 525	 544
3
 543	 531	 544
3
 440	 469	 472
3
 472	 453	 440
3
 141	 149	 152
3
  17	 141	 152
3
 116	 334	 122
3
 392	 633	 227
3
 227	 630	 392
3
 153	 182	 631
3
 627	 153	 631
3
  37	 507	 487
3
 487	 529	  37
3
 557	 554	 564
3
 291	 298	  57
3
 237	 291	  57
3
 508	 465	 363
3
 477	 508	 363
3
 369	 396	 282
3
 282	 268	 369
3
 211	 441	 471
3
 471	 433	 211
3
 281	 261	 269
3
 269	 113	 281
3
 206	 200	 187
3
 197	 206	 187
3
 514	 387	 497
3
 497	 504	 514
3
 619	 395	 624
3
 624	 620	 619
3
 306	  96	 271
3
 271	  63	 306
3
 324	  83	  31
3
 348	 324	  31
3
 416	 413	 276
3
  28	 416	 276
3
 345	  68	 611
3
 611	  46	 345
3
 108	 243	 354
3
 608	 108	 354
3
 195	 160	  20
3
  19	 195	  20
3
 284	 279	 296
3
 300	 284	 296
3
 544	 525	 527
3
 527	 421	 544
3
 236	  64	  13
3
 629	 236	  13
3
  79	  87	  94
3
  75	  79	  94
3
 434	 535	 435
3
 435	 447	 434
3
 481	 477	 482
3
 482	  51	 481
3
 599	 134	 129
3
 601	 599	 129
3
 155	 229	 287
3
  20	 155	 287
3
  48	 147	 232
3
 232	 162	  48
3
 329	  77	  62
3
  52	 329	  62
3
 598	 604	 586
3
 586	 585	 598
3
 605	 606	 621
3
 621	 315	 605
3
   2	 182	 202
3
 316	   2	 202
3
 493	  42	 468
3
 468	 508	 493
3
 633	 391	 228
3
 228	 226	 633
3
 367	 264	 212
3
 212	 107	 367
3
 478	 550	 553
3
 553	 479	 478
3
 503	 504	 486
3
 486	 430	 503
3
 329	 318	 332
3
  77	 329	 332
3
 221	 460	 473
3
 464	 221	 473
3
   1	 111	 131
3
 220	   1	 131
3
 457	 449	 466
3
 466	 437	 457
3
 378	 394	 637
3
 637	 420	 378
3
 389	 461	 424
3
 545	 389	 424
3
 424	 540	 545
3
 373	 451	 370
3
 374	 373	 370
3
  51	 538	 353
3
 481	  51	 353
3
 530	 516	 533
3
 533	 471	 530
3
 101	 118	 112
3
 112	  94	 101
3
 118	 173	 596
3
 596	 112	 118
3
 146	 145	 198
3
 257	 146	 198
3
  30	  50	 293
3
 293	 292	  30
3
 562	 559	 566
3
 572	 562	 566
3
 499	 500	 513
3
 513	 509	 499
3
  79	  68	  82
3
  87	  79	  82
3
 170	 158	  45
3
 176	 170	  45
3
  57	 176	  45
3
  54	 244	  66
3
  88	  54	  66
3
  99	 193	 163
3
 163	 302	  99
3
 235	 234	 225
3
 225	 494	 235
3
 318	  78	   9
3
   9	 332	 318
3
 601	 607	 590
3
 590	 594	 601
3
 323	  31	  19
3
 331	 323	  19
3
 573	 568	 560
3
 547	 548	 554
3
 554	 552	 547
3
 190	 636	 639
3
 635	 180	 190
3
 639	 635	 190
3
 257	 298	 253
3
 283	 253	 298
3
 253	   4	 257
3
 503	 430	 372
3
 372	 380	 503
3
  92	  61	  69
3
  69	  29	  92
3
 528	 532	 353
3
 353	 538	 528
3
 640	 618	 623
3
 623	 617	 640
3
 555	 551	 558
3
 561	 555	 558
3
 515	 504	 511
3
 511	 524	 515
3
 489	 488	 479
3
 490	 489	 479
3
 104	 419	 263
3
 263	 113	 104
3
 550	 209	 559
3
 553	 550	 559
3
 315	 371	 366
3
 366	 605	 315
3
 350	  22	 347
3
 347	 407	 350
3
 365	 430	 563
3
 563	 574	 365
3
 412	 284	  88
3
 432	 412	  88
3
  88	 164	 432
3
 491	 384	  58
3
 639	 491	  58
3
  71	 256	 377
3
 377	 230	  71
3
 102	  85	  86
3
  86	  97	 102
3
 299	  29	 168
3
 168	  76	 299
3
 305	  92	 307
3
 307	 267	 305
3
 295	 252	  44
3
 255	 282	 295
3
  44	 255	 295
3
 485	 209	 210
3
 219	 485	 210
3
  17	  14	 610
3
 610	 129	  17
3
 143	 130	 142
3
 150	 143	 142
3
 142	 151	 150
3
 520	 341	 339
3
 493	 520	 339
3
 510	 442	 495
3
 495	 502	 510
3
 339	 506	 309
3
  42	 339	 309
3
 393	 242	 512
3
 620	 571	 393
3
 393	 512	 620
3
 232	 222	 238
3
 238	 237	 232
3
 560	 485	 492
3
 492	 484	 560
3
 355	 631	 439
3
 362	 431	 355
3
 439	 362	 355
3
  39	  26	  47
3
  92	  39	  47
3
 615	 617	 317
3
   7	 317	 617
3
 317	 313	 615
3
 445	 455	 456
3
 456	 458	 445
3
 373	 386	 390
3
 390	 500	 373
3
 400	 612	 398
3
 398	 413	 400
3
 258	 377	 126
3
 506	 258	 126
3
 501	 218	 484
3
 484	 492	 501
3
  58	 426	 487
3
 635	  58	 487
3
 326	 321	 342
3
   6	 326	 342
3
 357	   6	 342
3
 557	 570	 569
3
 450	 364	 557
3
 569	 450	 557
3
 515	 536	 399
3
 514	 515	 399
3
 299	  24	 100
3
  84	  11	 299
3
 100	  84	 299
3
 376	 335	 366
3
 366	 371	 376
3
 467	 452	 231
3
 223	 231	 452
3
 231	  33	 467
3
 188	 160	 135
3
 174	 188	 135
3
 406	 417	 408
3
 395	 619	 406
3
 406	 408	 395
3
 574	 563	 569
3
 582	 574	 569
3
 178	 379	 359
3
 331	 178	 359
3
 359	 323	 331
3
  95	  82	  91
3
 106	 105	  95
3
  91	 106	  95
3
 214	 217	 140
3
 573	 214	 140
3
 273	 595	 346
3
 603	 616	 273
3
 346	 603	 273
3
 375	 622	 613
3
 380	 375	 613
3
 119	 120	 114
3
 124	 119	 114
3
 114	 128	 124
3
 364	 370	 552
3
 446	 552	 370
3
 552	 557	 364
3
 566	 559	 567
3
 567	 575	 566
3
 500	 490	 480
3
 480	 373	 500
3
 502	 489	 509
3
 518	 517	 502
3
 509	 518	 502
3
 221	 351	 182
3
 290	 221	 182
3
 182	 250	 290
3
 407	 632	 309
3
 311	 309	 632
3
 309	 126	 407
3
 383	 410	 391
3
 360	 369	 383
3
 391	 360	 383
3
  53	  89	 301
3
 308	  93	  53
3
 462	 308	  53
3
 301	 462	  53
3
 501	 492	 234
3
 239	 448	 501
3
 234	 239	 501
3
 336	  27	 317
3
   7	  23	 336
3
 336	 317	   7
3
 117	 168	 123
3
 278	 109	 117
3
 123	 278	 117
3
 313	 317	  16
3
 614	 313	 138
3
  16	 138	 313
3
 138	 626	 614
3
 636	 190	   8
3
 202	 153	 636
3
   8	 202	 636
3
  55	 405	 444
3
 310	  55	 444
3
 444	 211	 310
3
   5	  74	 294
3
 274	 269	 294
3
 294	 269	   5
3
  36	 152	  60
3
 169	  60	 152
3
 166	 169	 152
3
  60	  49	  36
3
 632	 407	 420
3
 629	 247	 632
3
 420	 629	 632
3
 215	 270	 276
3
 185	 215	 276
3
 264	 367	 185
3
 276	 264	 185
3
 144	 194	 198
3
 145	 207	 144
3
 198	 145	 144
3
 578	 586	 592
3
 592	 577	 578
3
   9	 334	 110
3
  91	 332	   9
3
 110	  91	   9
3
 235	 442	 516
3
 251	 241	 235
3
 516	 251	 235
3
 400	 532	 519
3
 388	 612	 400
3
 519	 388	 400
3
 419	 104	 407
3
 126	 377	 419
3
 419	 407	 126
3
 572	 579	 585
3
 578	 565	 572
3
 585	 578	 572
3
 614	 606	 592
3
 592	 609	 614
3
 536	 515	 524
3
  51	 546	 536
3
 538	  51	 536
3
 524	 538	 536
3
 573	 584	 588
3
 568	 573	 588
3
 588	 576	 568
3
 577	 570	 564
3
 578	 577	 564
3
 564	 565	 578
3
  81	 274	 277
3
  13	 350	  81
3
 439	  13	  81
3
 362	 439	  81
3
 277	 362	  81
3
 266	 230	 258
3
 185	 266	 258
3
 506	 215	 185
3
 258	 506	 185
