642
9.306e-06	2.335e-19	  0.6000,
  0.5367	-1.839e-18	  0.2683,
  0.1658	  0.5104	  0.2683,
 -0.4342	  0.3154	  0.2683,
 -0.4342	 -0.3154	  0.2683,
  0.1658	 -0.5104	  0.2683,
  0.4342	  0.3154	 -0.2683,
 -0.1658	  0.5104	 -0.2683,
 -0.5367	-1.839e-18	 -0.2683,
 -0.1658	 -0.5104	 -0.2683,
  0.4342	 -0.3154	 -0.2683,
-9.306e-06	-1.839e-18	 -0.6000,
  0.3133	2.335e-19	  0.5068,
  0.4100	  0.2979	  0.3132,
 0.09678	  0.2979	  0.5068,
 -0.1566	  0.4820	  0.3132,
 -0.2534	  0.1841	  0.5068,
 -0.5068	-2.847e-18	  0.3132,
 -0.2534	 -0.1841	  0.5068,
 -0.1566	 -0.4820	  0.3132,
 0.09678	 -0.2979	  0.5068,
  0.4100	 -0.2979	  0.3132,
  0.5666	 -0.1841	2.546e-17,
  0.5068	3.315e-18	 -0.3132,
  0.5666	  0.1841	2.276e-17,
  0.3502	  0.4820	2.546e-17,
  0.1566	  0.4820	 -0.3132,
-1.090e-18	  0.5957	2.276e-17,
 -0.3502	  0.4820	2.546e-17,
 -0.4100	  0.2979	 -0.3132,
 -0.5666	  0.1841	2.276e-17,
 -0.5666	 -0.1841	2.546e-17,
 -0.4100	 -0.2979	 -0.3132,
 -0.3502	 -0.4820	2.276e-17,
-4.171e-18	 -0.5957	2.546e-17,
  0.1566	 -0.4820	 -0.3132,
  0.3502	 -0.4820	2.391e-17,
  0.2534	  0.1841	 -0.5068,
-0.09678	  0.2979	 -0.5068,
 -0.3133	2.335e-19	 -0.5068,
-0.09678	 -0.2979	 -0.5068,
  0.2534	 -0.1841	 -0.5068,
  0.1505	2.335e-19	  0.5791,
  0.4972	  0.1431	  0.3005,
 0.04650	  0.1431	  0.5791,
 0.01757	  0.5170	  0.3005,
 -0.1217	 0.08844	  0.5791,
 -0.4863	  0.1765	  0.3005,
 -0.1217	-0.08844	  0.5791,
 -0.3181	 -0.4079	  0.3005,
 0.04650	 -0.1431	  0.5791,
  0.4972	 -0.1431	  0.3005,
  0.5724	-0.08844	  0.1501,
  0.4863	  0.1765	 -0.3005,
  0.5724	 0.08844	  0.1501,
  0.2610	  0.5170	  0.1501,
  0.3181	  0.4079	 -0.3005,
 0.09276	  0.5717	  0.1501,
 -0.4111	  0.4079	  0.1501,
 -0.2897	  0.4286	 -0.3005,
 -0.5150	  0.2649	  0.1501,
 -0.5150	 -0.2649	  0.1501,
 -0.4972	 -0.1431	 -0.3005,
 -0.4111	 -0.4079	  0.1501,
 0.09276	 -0.5717	  0.1501,
-0.01757	 -0.5170	 -0.3005,
  0.2610	 -0.5170	  0.1501,
  0.3646	  0.2649	 -0.3935,
 -0.1393	  0.4286	 -0.3935,
 -0.4507	-1.307e-18	 -0.3935,
 -0.1393	 -0.4286	 -0.3935,
  0.3646	 -0.2649	 -0.3935,
  0.4507	-1.307e-18	  0.3935,
  0.2897	  0.4286	  0.3005,
  0.1393	  0.4286	  0.3935,
 -0.3181	  0.4079	  0.3005,
 -0.3646	  0.2649	  0.3935,
 -0.4863	 -0.1765	  0.3005,
 -0.3646	 -0.2649	  0.3935,
 0.01757	 -0.5170	  0.3005,
  0.1393	 -0.4286	  0.3935,
  0.2897	 -0.4286	  0.3005,
  0.5150	 -0.2649	 -0.1501,
  0.4863	 -0.1765	 -0.3005,
  0.5150	  0.2649	 -0.1501,
  0.4111	  0.4079	 -0.1501,
-0.01757	  0.5170	 -0.3005,
-0.09276	  0.5717	 -0.1501,
 -0.2610	  0.5170	 -0.1501,
 -0.4972	  0.1431	 -0.3005,
 -0.5724	 0.08844	 -0.1501,
 -0.5724	-0.08844	 -0.1501,
 -0.2897	 -0.4286	 -0.3005,
 -0.2610	 -0.5170	 -0.1501,
-0.09276	 -0.5717	 -0.1501,
  0.3181	 -0.4079	 -0.3005,
  0.4111	 -0.4079	 -0.1501,
  0.1217	 0.08844	 -0.5791,
-0.04650	  0.1431	 -0.5791,
 -0.1505	2.335e-19	 -0.5791,
-0.04650	 -0.1431	 -0.5791,
  0.1217	-0.08844	 -0.5791,
  0.3757	  0.1594	  0.4331,
  0.2677	  0.3080	  0.4331,
  0.2194	  0.1594	  0.5297,
-0.03550	  0.4065	  0.4331,
 -0.2102	  0.3497	  0.4331,
-0.08376	  0.2579	  0.5297,
 -0.3976	 0.09186	  0.4331,
 -0.3976	-0.09186	  0.4331,
 -0.2711	1.774e-18	  0.5297,
 -0.2102	 -0.3497	  0.4331,
-0.03550	 -0.4065	  0.4331,
-0.08376	 -0.2579	  0.5297,
  0.2677	 -0.3080	  0.4331,
  0.3757	 -0.1594	  0.4331,
  0.2194	 -0.1594	  0.5297,
  0.5652	-0.09186	 -0.1619,
  0.5652	 0.09186	 -0.1619,
  0.5951	-1.307e-18	-0.005658,
  0.2620	  0.5092	 -0.1619,
 0.08730	  0.5659	 -0.1619,
  0.1839	  0.5659	-0.005658,
 -0.4033	  0.4065	 -0.1619,
 -0.5113	  0.2579	 -0.1619,
 -0.4814	  0.3497	-0.005658,
 -0.5113	 -0.2579	 -0.1619,
 -0.4033	 -0.4065	 -0.1619,
 -0.4814	 -0.3497	-0.005658,
 0.08730	 -0.5659	 -0.1619,
  0.2620	 -0.5092	 -0.1619,
  0.1839	 -0.5659	-0.005658,
  0.4814	  0.3497	0.005658,
  0.4033	  0.4065	  0.1619,
  0.5113	  0.2579	  0.1619,
 -0.1839	  0.5659	0.005658,
 -0.2620	  0.5092	  0.1619,
-0.08730	  0.5659	  0.1619,
 -0.5951	-1.307e-18	0.005658,
 -0.5652	-0.09186	  0.1619,
 -0.5652	 0.09186	  0.1619,
 -0.1839	 -0.5659	0.005658,
-0.08730	 -0.5659	  0.1619,
 -0.2620	 -0.5092	  0.1619,
  0.4033	 -0.4065	  0.1619,
  0.4814	 -0.3497	0.005658,
  0.5113	 -0.2579	  0.1619,
 0.08376	  0.2579	 -0.5297,
 0.03550	  0.4065	 -0.4331,
  0.2102	  0.3497	 -0.4331,
 -0.2194	  0.1594	 -0.5297,
 -0.3757	  0.1594	 -0.4331,
 -0.2677	  0.3080	 -0.4331,
 -0.2194	 -0.1594	 -0.5297,
 -0.2677	 -0.3080	 -0.4331,
 -0.3757	 -0.1594	 -0.4331,
 0.08376	 -0.2579	 -0.5297,
  0.2102	 -0.3497	 -0.4331,
 0.03550	 -0.4065	 -0.4331,
  0.3976	-0.09186	 -0.4331,
  0.2711	1.774e-18	 -0.5297,
  0.3976	 0.09186	 -0.4331,
 0.06990	2.335e-19	  0.5960,
  0.5234	 0.06648	  0.2858,
 0.02161	 0.06648	  0.5960,
 0.09852	  0.5183	  0.2858,
-0.05653	 0.04108	  0.5960,
 -0.4625	  0.2539	  0.2858,
-0.05653	-0.04108	  0.5960,
 -0.3844	 -0.3614	  0.2858,
 0.02161	-0.06648	  0.5960,
  0.5234	-0.06648	  0.2858,
  0.5584	-0.04108	  0.2159,
  0.4625	  0.2539	 -0.2858,
  0.5584	 0.04108	  0.2159,
  0.2116	  0.5183	  0.2159,
  0.3844	  0.3614	 -0.2858,
  0.1335	  0.5437	  0.2159,
 -0.4276	  0.3614	  0.2159,
 -0.2250	  0.4772	 -0.2858,
 -0.4759	  0.2950	  0.2159,
 -0.4759	 -0.2950	  0.2159,
 -0.5234	-0.06648	 -0.2858,
 -0.4276	 -0.3614	  0.2159,
  0.1335	 -0.5437	  0.2159,
-0.09852	 -0.5183	 -0.2858,
  0.2116	 -0.5183	  0.2159,
  0.4060	  0.2950	 -0.3290,
 -0.1551	  0.4772	 -0.3290,
 -0.5018	-2.487e-18	 -0.3290,
 -0.1551	 -0.4772	 -0.3290,
  0.4060	 -0.2950	 -0.3290,
  0.5018	-2.487e-18	  0.3290,
  0.2250	  0.4772	  0.2858,
  0.1551	  0.4772	  0.3290,
 -0.3844	  0.3614	  0.2858,
 -0.4060	  0.2950	  0.3290,
 -0.4625	 -0.2539	  0.2858,
 -0.4060	 -0.2950	  0.3290,
 0.09852	 -0.5183	  0.2858,
  0.1551	 -0.4772	  0.3290,
  0.2250	 -0.4772	  0.2858,
  0.4759	 -0.2950	 -0.2159,
  0.4625	 -0.2539	 -0.2858,
  0.4759	  0.2950	 -0.2159,
  0.4276	  0.3614	 -0.2159,
-0.09852	  0.5183	 -0.2858,
 -0.1335	  0.5437	 -0.2159,
 -0.2116	  0.5183	 -0.2159,
 -0.5234	 0.06648	 -0.2858,
 -0.5584	 0.04108	 -0.2159,
 -0.5584	-0.04108	 -0.2159,
 -0.2250	 -0.4772	 -0.2858,
 -0.2116	 -0.5183	 -0.2159,
 -0.1335	 -0.5437	 -0.2159,
  0.3844	 -0.3614	 -0.2858,
  0.4276	 -0.3614	 -0.2159,
 0.05653	 0.04108	 -0.5960,
-0.02161	 0.06648	 -0.5960,
-0.06990	-1.321e-18	 -0.5960,
-0.02161	-0.06648	 -0.5960,
 0.05653	-0.04108	 -0.5960,
  0.3478	 0.08124	  0.4763,
  0.3434	  0.3056	  0.3782,
  0.2705	 0.08124	  0.5241,
 0.03022	  0.3559	  0.4763,
 -0.1846	  0.4210	  0.3782,
0.006324	  0.2823	  0.5241,
 -0.3292	  0.1387	  0.4763,
 -0.4575	-0.04546	  0.3782,
 -0.2666	 0.09324	  0.5241,
 -0.2336	 -0.2702	  0.4763,
-0.09810	 -0.4491	  0.3782,
 -0.1711	 -0.2247	  0.5241,
  0.1847	 -0.3056	  0.4763,
  0.3478	-0.08124	  0.4763,
  0.2705	-0.08124	  0.5241,
  0.5732	 -0.1387	-0.08136,
  0.5429	 0.04546	 -0.2400,
  0.5880	-0.09324	-0.004042,
  0.3091	  0.5023	-0.08136,
  0.1245	  0.5303	 -0.2400,
  0.2704	  0.5303	-0.004042,
 -0.3822	  0.4491	-0.08136,
 -0.4660	  0.2823	 -0.2400,
 -0.4209	  0.4210	-0.004042,
 -0.5453	 -0.2247	-0.08136,
 -0.4125	 -0.3559	 -0.2400,
 -0.5305	 -0.2702	-0.004042,
 0.04521	 -0.5880	-0.08136,
  0.2110	 -0.5023	 -0.2400,
 0.09300	 -0.5880	-0.004042,
  0.5305	  0.2702	0.004042,
  0.4125	  0.3559	  0.2400,
  0.4660	  0.2823	  0.2400,
-0.09300	  0.5880	0.004042,
 -0.2110	  0.5023	  0.2400,
 -0.1245	  0.5303	  0.2400,
 -0.5880	 0.09324	0.004042,
 -0.5429	-0.04546	  0.2400,
 -0.5429	 0.04546	  0.2400,
 -0.2704	 -0.5303	0.004042,
 -0.1245	 -0.5303	  0.2400,
 -0.2110	 -0.5023	  0.2400,
  0.4125	 -0.3559	  0.2400,
  0.5305	 -0.2702	0.004042,
  0.4660	 -0.2823	  0.2400,
  0.1711	  0.2247	 -0.5241,
 0.09810	  0.4491	 -0.3782,
  0.1846	  0.4210	 -0.3782,
 -0.1609	  0.2321	 -0.5241,
 -0.3968	  0.2321	 -0.3782,
 -0.3434	  0.3056	 -0.3782,
 -0.2705	-0.08124	 -0.5241,
 -0.3434	 -0.3056	 -0.3782,
 -0.3968	 -0.2321	 -0.3782,
-0.006324	 -0.2823	 -0.5241,
  0.1846	 -0.4210	 -0.3782,
 0.09810	 -0.4491	 -0.3782,
  0.4575	-0.04546	 -0.3782,
  0.2666	 0.09324	 -0.5241,
  0.4575	 0.04546	 -0.3782,
  0.2335	2.335e-19	  0.5489,
  0.4587	  0.2220	  0.3100,
 0.07218	  0.2220	  0.5489,
-0.06942	  0.5048	  0.3100,
 -0.1889	  0.1372	  0.5489,
 -0.5015	 0.08994	  0.3100,
 -0.1889	 -0.1372	  0.5489,
 -0.2405	 -0.4492	  0.3100,
 0.07218	 -0.2220	  0.5489,
  0.4587	 -0.2220	  0.3100,
  0.5754	 -0.1372	 0.07650,
  0.5015	 0.08994	 -0.3100,
  0.5754	  0.1372	 0.07650,
  0.3083	  0.5048	 0.07650,
  0.2405	  0.4492	 -0.3100,
 0.04730	  0.5896	 0.07650,
 -0.3848	  0.4492	 0.07650,
 -0.3529	  0.3676	 -0.3100,
 -0.5462	  0.2272	 0.07650,
 -0.5462	 -0.2272	 0.07650,
 -0.4587	 -0.2220	 -0.3100,
 -0.3848	 -0.4492	 0.07650,
 0.04730	 -0.5896	 0.07650,
 0.06942	 -0.5048	 -0.3100,
  0.3083	 -0.5048	 0.07650,
  0.3127	  0.2272	 -0.4543,
 -0.1195	  0.3676	 -0.4543,
 -0.3865	-9.323e-19	 -0.4543,
 -0.1195	 -0.3676	 -0.4543,
  0.3127	 -0.2272	 -0.4543,
  0.3865	-9.323e-19	  0.4543,
  0.3529	  0.3676	  0.3100,
  0.1195	  0.3676	  0.4543,
 -0.2405	  0.4492	  0.3100,
 -0.3127	  0.2272	  0.4543,
 -0.5015	-0.08994	  0.3100,
 -0.3127	 -0.2272	  0.4543,
-0.06942	 -0.5048	  0.3100,
  0.1195	 -0.3676	  0.4543,
  0.3529	 -0.3676	  0.3100,
  0.5462	 -0.2272	-0.07650,
  0.5015	-0.08994	 -0.3100,
  0.5462	  0.2272	-0.07650,
  0.3848	  0.4492	-0.07650,
 0.06942	  0.5048	 -0.3100,
-0.04730	  0.5896	-0.07650,
 -0.3083	  0.5048	-0.07650,
 -0.4587	  0.2220	 -0.3100,
 -0.5754	  0.1372	-0.07650,
 -0.5754	 -0.1372	-0.07650,
 -0.3529	 -0.3676	 -0.3100,
 -0.3083	 -0.5048	-0.07650,
-0.04730	 -0.5896	-0.07650,
  0.2405	 -0.4492	 -0.3100,
  0.3848	 -0.4492	-0.07650,
  0.1889	  0.1372	 -0.5489,
-0.07218	  0.2220	 -0.5489,
 -0.2335	2.335e-19	 -0.5489,
-0.07218	 -0.2220	 -0.5489,
  0.1889	 -0.1372	 -0.5489,
  0.3968	  0.2321	  0.3782,
  0.1847	  0.3056	  0.4763,
  0.1609	  0.2321	  0.5241,
-0.09810	  0.4491	  0.3782,
 -0.2336	  0.2702	  0.4763,
 -0.1711	  0.2247	  0.5241,
 -0.4575	 0.04546	  0.3782,
 -0.3292	 -0.1387	  0.4763,
 -0.2666	-0.09324	  0.5241,
 -0.1846	 -0.4210	  0.3782,
 0.03022	 -0.3559	  0.4763,
0.006324	 -0.2823	  0.5241,
  0.3434	 -0.3056	  0.3782,
  0.3968	 -0.2321	  0.3782,
  0.1609	 -0.2321	  0.5241,
  0.5429	-0.04546	 -0.2400,
  0.5732	  0.1387	-0.08136,
  0.5880	 0.09324	-0.004042,
  0.2110	  0.5023	 -0.2400,
 0.04521	  0.5880	-0.08136,
 0.09300	  0.5880	-0.004042,
 -0.4125	  0.3559	 -0.2400,
 -0.5453	  0.2247	-0.08136,
 -0.5305	  0.2702	-0.004042,
 -0.4660	 -0.2823	 -0.2400,
 -0.3822	 -0.4491	-0.08136,
 -0.4209	 -0.4210	-0.004042,
  0.1245	 -0.5303	 -0.2400,
  0.3091	 -0.5023	-0.08136,
  0.2704	 -0.5303	-0.004042,
  0.4209	  0.4210	0.004042,
  0.3822	  0.4491	 0.08136,
  0.5453	  0.2247	 0.08136,
 -0.2704	  0.5303	0.004042,
 -0.3091	  0.5023	 0.08136,
-0.04521	  0.5880	 0.08136,
 -0.5880	-0.09324	0.004042,
 -0.5732	 -0.1387	 0.08136,
 -0.5732	  0.1387	 0.08136,
-0.09300	 -0.5880	0.004042,
-0.04521	 -0.5880	 0.08136,
 -0.3091	 -0.5023	 0.08136,
  0.3822	 -0.4491	 0.08136,
  0.4209	 -0.4210	0.004042,
  0.5453	 -0.2247	 0.08136,
-0.006324	  0.2823	 -0.5241,
-0.03022	  0.3559	 -0.4763,
  0.2336	  0.2702	 -0.4763,
 -0.2705	 0.08124	 -0.5241,
 -0.3478	 0.08124	 -0.4763,
 -0.1847	  0.3056	 -0.4763,
 -0.1609	 -0.2321	 -0.5241,
 -0.1847	 -0.3056	 -0.4763,
 -0.3478	-0.08124	 -0.4763,
  0.1711	 -0.2247	 -0.5241,
  0.2336	 -0.2702	 -0.4763,
-0.03022	 -0.3559	 -0.4763,
  0.3292	 -0.1387	 -0.4763,
  0.2666	-0.09324	 -0.5241,
  0.3292	  0.1387	 -0.4763,
  0.3254	  0.2364	  0.4378,
  0.2461	  0.2364	  0.4868,
  0.3009	  0.1609	  0.4868,
 -0.1243	  0.3825	  0.4378,
 -0.1488	  0.3070	  0.4868,
-0.06006	  0.3359	  0.4868,
 -0.4022	2.335e-19	  0.4378,
 -0.3380	-0.04663	  0.4868,
 -0.3380	 0.04663	  0.4868,
 -0.1243	 -0.3825	  0.4378,
-0.06006	 -0.3359	  0.4868,
 -0.1488	 -0.3070	  0.4868,
  0.2461	 -0.2364	  0.4868,
  0.3254	 -0.2364	  0.4378,
  0.3009	 -0.1609	  0.4868,
  0.5714	1.039e-19	 -0.1639,
  0.5866	 0.04663	-0.08460,
  0.5866	-0.04663	-0.08460,
  0.1766	  0.5434	 -0.1639,
  0.1369	  0.5723	-0.08460,
  0.2256	  0.5434	-0.08460,
 -0.4623	  0.3359	 -0.1639,
 -0.5020	  0.3070	-0.08460,
 -0.4472	  0.3825	-0.08460,
 -0.4623	 -0.3359	 -0.1639,
 -0.4472	 -0.3825	-0.08460,
 -0.5020	 -0.3070	-0.08460,
  0.1766	 -0.5434	 -0.1639,
  0.2256	 -0.5434	-0.08460,
  0.1369	 -0.5723	-0.08460,
  0.5020	  0.3070	 0.08460,
  0.4472	  0.3825	 0.08460,
  0.4623	  0.3359	  0.1639,
 -0.1369	  0.5723	 0.08460,
 -0.2256	  0.5434	 0.08460,
 -0.1766	  0.5434	  0.1639,
 -0.5866	 0.04663	 0.08460,
 -0.5866	-0.04663	 0.08460,
 -0.5714	1.039e-19	  0.1639,
 -0.2256	 -0.5434	 0.08460,
 -0.1369	 -0.5723	 0.08460,
 -0.1766	 -0.5434	  0.1639,
  0.4472	 -0.3825	 0.08460,
  0.5020	 -0.3070	 0.08460,
  0.4623	 -0.3359	  0.1639,
  0.1488	  0.3070	 -0.4868,
 0.06006	  0.3359	 -0.4868,
  0.1243	  0.3825	 -0.4378,
 -0.2461	  0.2364	 -0.4868,
 -0.3009	  0.1609	 -0.4868,
 -0.3254	  0.2364	 -0.4378,
 -0.3009	 -0.1609	 -0.4868,
 -0.2461	 -0.2364	 -0.4868,
 -0.3254	 -0.2364	 -0.4378,
 0.06006	 -0.3359	 -0.4868,
  0.1488	 -0.3070	 -0.4868,
  0.1243	 -0.3825	 -0.4378,
  0.3380	-0.04663	 -0.4868,
  0.3380	 0.04663	 -0.4868,
  0.4022	2.335e-19	 -0.4378,
  0.4767	 0.07542	  0.3544,
  0.4419	  0.1540	  0.3701,
  0.4177	 0.07932	  0.4186,
  0.2191	  0.4300	  0.3544,
  0.2045	  0.3727	  0.4186,
  0.2830	  0.3727	  0.3701,
  0.1334	  0.1540	  0.5608,
  0.1038	 0.07542	  0.5848,
  0.1877	 0.07932	  0.5608,
 0.07560	  0.4766	  0.3544,
-0.009864	  0.4678	  0.3701,
 0.05365	  0.4217	  0.4186,
 -0.3413	  0.3412	  0.3544,
 -0.2912	  0.3096	  0.4186,
 -0.2670	  0.3843	  0.3701,
 -0.1052	  0.1744	  0.5608,
-0.03964	  0.1220	  0.5848,
-0.01742	  0.2030	  0.5608,
 -0.4300	  0.2192	  0.3544,
 -0.4480	  0.1352	  0.3701,
 -0.3845	  0.1813	  0.4186,
 -0.4300	 -0.2192	  0.3544,
 -0.3845	 -0.1813	  0.4186,
 -0.4480	 -0.1352	  0.3701,
 -0.1984	-0.04614	  0.5608,
 -0.1283	2.335e-19	  0.5848,
 -0.1984	 0.04614	  0.5608,
 -0.3413	 -0.3412	  0.3544,
 -0.2670	 -0.3843	  0.3701,
 -0.2912	 -0.3096	  0.4186,
 0.07560	 -0.4766	  0.3544,
 0.05365	 -0.4217	  0.4186,
-0.009864	 -0.4678	  0.3701,
-0.01742	 -0.2030	  0.5608,
-0.03964	 -0.1220	  0.5848,
 -0.1052	 -0.1744	  0.5608,
  0.2191	 -0.4300	  0.3544,
  0.2830	 -0.3727	  0.3701,
  0.2045	 -0.3727	  0.4186,
  0.4419	 -0.1540	  0.3701,
  0.4767	-0.07542	  0.3544,
  0.4177	-0.07932	  0.4186,
  0.1038	-0.07542	  0.5848,
  0.1334	 -0.1540	  0.5608,
  0.1877	-0.07932	  0.5608,
  0.5093	 -0.2192	 -0.2261,
  0.5314	 -0.1352	 -0.2351,
  0.5464	 -0.1813	 -0.1567,
  0.5093	  0.2192	 -0.2261,
  0.5464	  0.1813	 -0.1567,
  0.5314	  0.1352	 -0.2351,
  0.5903	 0.04614	 0.07332,
  0.5805	-4.139e-19	  0.1468,
  0.5903	-0.04614	 0.07332,
  0.3658	  0.4166	 -0.2261,
  0.2927	  0.4636	 -0.2351,
  0.3413	  0.4636	 -0.1567,
-0.05107	  0.5521	 -0.2261,
-0.003615	  0.5756	 -0.1567,
 0.03563	  0.5471	 -0.2351,
  0.1385	  0.5756	 0.07332,
  0.1794	  0.5521	  0.1468,
  0.2263	  0.5471	 0.07332,
 -0.2832	  0.4766	 -0.2261,
 -0.3505	  0.4217	 -0.2351,
 -0.3355	  0.4678	 -0.1567,
 -0.5408	  0.1220	 -0.2261,
 -0.5486	  0.1744	 -0.1567,
 -0.5093	  0.2030	 -0.2351,
 -0.5047	  0.3096	 0.07332,
 -0.4696	  0.3412	  0.1468,
 -0.4504	  0.3843	 0.07332,
 -0.5408	 -0.1220	 -0.2261,
 -0.5093	 -0.2030	 -0.2351,
 -0.5486	 -0.1744	 -0.1567,
 -0.2832	 -0.4766	 -0.2261,
 -0.3355	 -0.4678	 -0.1567,
 -0.3505	 -0.4217	 -0.2351,
 -0.4504	 -0.3843	 0.07332,
 -0.4696	 -0.3412	  0.1468,
 -0.5047	 -0.3096	 0.07332,
-0.05107	 -0.5521	 -0.2261,
 0.03563	 -0.5471	 -0.2351,
-0.003615	 -0.5756	 -0.1567,
  0.3658	 -0.4166	 -0.2261,
  0.3413	 -0.4636	 -0.1567,
  0.2927	 -0.4636	 -0.2351,
  0.2263	 -0.5471	 0.07332,
  0.1794	 -0.5521	  0.1468,
  0.1385	 -0.5756	 0.07332,
  0.4696	  0.3412	 -0.1468,
  0.4504	  0.3843	-0.07332,
  0.5047	  0.3096	-0.07332,
  0.3355	  0.4678	  0.1567,
  0.2832	  0.4766	  0.2261,
  0.3505	  0.4217	  0.2351,
  0.5408	  0.1220	  0.2261,
  0.5486	  0.1744	  0.1567,
  0.5093	  0.2030	  0.2351,
 -0.1794	  0.5521	 -0.1468,
 -0.2263	  0.5471	-0.07332,
 -0.1385	  0.5756	-0.07332,
 -0.3413	  0.4636	  0.1567,
 -0.3658	  0.4166	  0.2261,
 -0.2927	  0.4636	  0.2351,
 0.05107	  0.5521	  0.2261,
0.003615	  0.5756	  0.1567,
-0.03563	  0.5471	  0.2351,
 -0.5805	-4.139e-19	 -0.1468,
 -0.5903	-0.04614	-0.07332,
 -0.5903	 0.04614	-0.07332,
 -0.5464	 -0.1813	  0.1567,
 -0.5093	 -0.2192	  0.2261,
 -0.5314	 -0.1352	  0.2351,
 -0.5093	  0.2192	  0.2261,
 -0.5464	  0.1813	  0.1567,
 -0.5314	  0.1352	  0.2351,
 -0.1794	 -0.5521	 -0.1468,
 -0.1385	 -0.5756	-0.07332,
 -0.2263	 -0.5471	-0.07332,
0.003615	 -0.5756	  0.1567,
 0.05107	 -0.5521	  0.2261,
-0.03563	 -0.5471	  0.2351,
 -0.3658	 -0.4166	  0.2261,
 -0.3413	 -0.4636	  0.1567,
 -0.2927	 -0.4636	  0.2351,
  0.2832	 -0.4766	  0.2261,
  0.3355	 -0.4678	  0.1567,
  0.3505	 -0.4217	  0.2351,
  0.4504	 -0.3843	-0.07332,
  0.4696	 -0.3412	 -0.1468,
  0.5047	 -0.3096	-0.07332,
  0.5486	 -0.1744	  0.1567,
  0.5408	 -0.1220	  0.2261,
  0.5093	 -0.2030	  0.2351,
 0.03964	  0.1220	 -0.5848,
 0.01742	  0.2030	 -0.5608,
  0.1052	  0.1744	 -0.5608,
-0.05365	  0.4217	 -0.4186,
-0.07560	  0.4766	 -0.3544,
0.009864	  0.4678	 -0.3701,
  0.3413	  0.3412	 -0.3544,
  0.2912	  0.3096	 -0.4186,
  0.2670	  0.3843	 -0.3701,
 -0.1038	 0.07542	 -0.5848,
 -0.1877	 0.07932	 -0.5608,
 -0.1334	  0.1540	 -0.5608,
 -0.4177	 0.07932	 -0.4186,
 -0.4767	 0.07542	 -0.3544,
 -0.4419	  0.1540	 -0.3701,
 -0.2191	  0.4300	 -0.3544,
 -0.2045	  0.3727	 -0.4186,
 -0.2830	  0.3727	 -0.3701,
 -0.1038	-0.07542	 -0.5848,
 -0.1334	 -0.1540	 -0.5608,
 -0.1877	-0.07932	 -0.5608,
 -0.2045	 -0.3727	 -0.4186,
 -0.2191	 -0.4300	 -0.3544,
 -0.2830	 -0.3727	 -0.3701,
 -0.4767	-0.07542	 -0.3544,
 -0.4177	-0.07932	 -0.4186,
 -0.4419	 -0.1540	 -0.3701,
 0.03964	 -0.1220	 -0.5848,
  0.1052	 -0.1744	 -0.5608,
 0.01742	 -0.2030	 -0.5608,
  0.2912	 -0.3096	 -0.4186,
  0.3413	 -0.3412	 -0.3544,
  0.2670	 -0.3843	 -0.3701,
-0.07560	 -0.4766	 -0.3544,
-0.05365	 -0.4217	 -0.4186,
0.009864	 -0.4678	 -0.3701,
  0.4300	 -0.2192	 -0.3544,
  0.3845	 -0.1813	 -0.4186,
  0.4480	 -0.1352	 -0.3701,
  0.1984	-0.04614	 -0.5608,
  0.1283	-2.849e-19	 -0.5848,
  0.1984	 0.04614	 -0.5608,
  0.3845	  0.1813	 -0.4186,
  0.4300	  0.2192	 -0.3544,
  0.4480	  0.1352	 -0.3701
1280
3
 402	 403	 404
3
 405	 406	 407
3
 408	 409	 410
3
 411	 412	 413
3
 416	 414	 415
3
 417	 418	 419
3
 420	 421	 422
3
 423	 424	 425
3
 426	 427	 428
3
 429	 430	 431
3
 434	 432	 433
3
 437	 435	 436
3
 440	 438	 439
3
 443	 441	 442
3
 444	 445	 446
3
 449	 447	 448
3
 452	 450	 451
3
 455	 453	 454
3
 458	 456	 457
3
 459	 460	 461
3
 462	 463	 464
3
 465	 466	 467
3
 470	 468	 469
3
 471	 472	 473
3
 474	 475	 476
3
 479	 477	 478
3
 480	 481	 482
3
 483	 484	 485
3
 488	 486	 487
3
 489	 490	 491
3
 492	 493	 494
3
 497	 495	 496
3
 498	 499	 500
3
 503	 501	 502
3
 504	 505	 506
3
 507	 508	 509
3
 510	 511	 512
3
 515	 513	 514
3
 516	 517	 518
3
 519	 520	 521
3
 524	 522	 523
3
 525	 526	 527
3
 528	 529	 530
3
 533	 531	 532
3
 534	 535	 536
3
 537	 538	 539
3
 542	 540	 541
3
 543	 544	 545
3
 546	 547	 548
3
 551	 549	 550
3
 552	 553	 554
3
 557	 555	 556
3
 558	 559	 560
3
 561	 562	 563
3
 566	 564	 565
3
 567	 568	 569
3
 570	 571	 572
3
 575	 573	 574
3
 576	 577	 578
3
 579	 580	 581
3
 584	 582	 583
3
 585	 586	 587
3
 588	 589	 590
3
 593	 591	 592
3
 596	 594	 595
3
 597	 598	 599
3
 602	 600	 601
3
 603	 604	 605
3
 606	 607	 608
3
 611	 609	 610
3
 612	 613	 614
3
 615	 616	 617
3
 620	 618	 619
3
 621	 622	 623
3
 624	 625	 626
3
 629	 627	 628
3
 630	 631	 632
3
 633	 634	 635
3
 638	 636	 637
3
 641	 639	 640
3
 342	 223	 402
3
 343	 344	 403
3
 404	 224	 222
3
 345	 226	 405
3
 346	 347	 406
3
 407	 227	 225
3
 348	 229	 408
3
 349	 350	 409
3
 410	 230	 228
3
 351	 232	 411
3
 352	 353	 412
3
 413	 233	 231
3
 414	 356	 234
3
 354	 355	 415
3
 235	 236	 416
3
 357	 238	 417
3
 358	 359	 418
3
 419	 239	 237
3
 360	 241	 420
3
 361	 362	 421
3
 422	 242	 240
3
 363	 244	 423
3
 364	 365	 424
3
 425	 245	 243
3
 366	 247	 426
3
 367	 368	 427
3
 428	 248	 246
3
 369	 250	 429
3
 370	 371	 430
3
 431	 251	 249
3
 432	 374	 252
3
 372	 373	 433
3
 253	 254	 434
3
 435	 377	 255
3
 375	 376	 436
3
 256	 257	 437
3
 438	 380	 258
3
 378	 379	 439
3
 259	 260	 440
3
 441	 383	 261
3
 381	 382	 442
3
 262	 263	 443
3
 384	 385	 444
3
 265	 386	 445
3
 446	 266	 264
3
 447	 389	 267
3
 387	 388	 448
3
 268	 269	 449
3
 450	 392	 270
3
 390	 391	 451
3
 271	 272	 452
3
 453	 395	 273
3
 393	 394	 454
3
 274	 275	 455
3
 456	 398	 276
3
 396	 397	 457
3
 277	 278	 458
3
 399	 400	 459
3
 280	 401	 460
3
 461	 281	 279
3
 462	 192	 163
3
 283	 342	 463
3
 464	 222	 312
3
 193	 194	 465
3
 314	 343	 466
3
 467	 223	 313
3
 468	 344	 284
3
 469	 164	 162
3
 282	 224	 470
3
 471	 194	 165
3
 285	 345	 472
3
 473	 225	 314
3
 195	 196	 474
3
 316	 346	 475
3
 476	 226	 315
3
 477	 347	 286
3
 478	 166	 164
3
 284	 227	 479
3
 480	 196	 167
3
 287	 348	 481
3
 482	 228	 316
3
 197	 198	 483
3
 318	 349	 484
3
 485	 229	 317
3
 486	 350	 288
3
 487	 168	 166
3
 286	 230	 488
3
 489	 198	 169
3
 289	 351	 490
3
 491	 231	 318
3
 199	 200	 492
3
 320	 352	 493
3
 494	 232	 319
3
 495	 353	 290
3
 496	 170	 168
3
 288	 233	 497
3
 200	 201	 498
3
 321	 354	 499
3
 500	 234	 320
3
 501	 355	 291
3
 171	 192	 502
3
 312	 235	 503
3
 162	 170	 504
3
 290	 356	 505
3
 506	 236	 282
3
 202	 203	 507
3
 323	 357	 508
3
 509	 237	 322
3
 173	 204	 510
3
 324	 358	 511
3
 512	 238	 293
3
 513	 359	 294
3
 514	 174	 172
3
 292	 239	 515
3
 516	 205	 176
3
 296	 360	 517
3
 518	 240	 325
3
 206	 207	 519
3
 327	 361	 520
3
 521	 241	 326
3
 522	 362	 297
3
 523	 177	 175
3
 295	 242	 524
3
 525	 208	 179
3
 299	 363	 526
3
 527	 243	 328
3
 209	 210	 528
3
 330	 364	 529
3
 530	 244	 329
3
 531	 365	 300
3
 532	 180	 178
3
 298	 245	 533
3
 534	 211	 182
3
 302	 366	 535
3
 536	 246	 331
3
 212	 213	 537
3
 333	 367	 538
3
 539	 247	 332
3
 540	 368	 303
3
 541	 183	 181
3
 301	 248	 542
3
 543	 214	 185
3
 305	 369	 544
3
 545	 249	 334
3
 215	 216	 546
3
 336	 370	 547
3
 548	 250	 335
3
 549	 371	 306
3
 550	 186	 184
3
 304	 251	 551
3
 204	 205	 552
3
 325	 372	 553
3
 554	 252	 324
3
 555	 373	 295
3
 175	 193	 556
3
 313	 253	 557
3
 163	 174	 558
3
 294	 374	 559
3
 560	 254	 283
3
 207	 208	 561
3
 328	 375	 562
3
 563	 255	 327
3
 564	 376	 298
3
 178	 195	 565
3
 315	 256	 566
3
 165	 177	 567
3
 297	 377	 568
3
 569	 257	 285
3
 210	 211	 570
3
 331	 378	 571
3
 572	 258	 330
3
 573	 379	 301
3
 181	 197	 574
3
 317	 259	 575
3
 167	 180	 576
3
 300	 380	 577
3
 578	 260	 287
3
 213	 214	 579
3
 334	 381	 580
3
 581	 261	 333
3
 582	 382	 304
3
 184	 199	 583
3
 319	 262	 584
3
 169	 183	 585
3
 303	 383	 586
3
 587	 263	 289
3
 588	 201	 186
3
 306	 384	 589
3
 590	 264	 321
3
 591	 385	 336
3
 592	 216	 202
3
 322	 265	 593
3
 594	 386	 292
3
 595	 172	 171
3
 291	 266	 596
3
 217	 218	 597
3
 338	 387	 598
3
 599	 267	 337
3
 600	 388	 308
3
 188	 206	 601
3
 326	 268	 602
3
 176	 187	 603
3
 307	 389	 604
3
 605	 269	 296
3
 218	 219	 606
3
 339	 390	 607
3
 608	 270	 338
3
 609	 391	 309
3
 189	 209	 610
3
 329	 271	 611
3
 179	 188	 612
3
 308	 392	 613
3
 614	 272	 299
3
 219	 220	 615
3
 340	 393	 616
3
 617	 273	 339
3
 618	 394	 310
3
 190	 212	 619
3
 332	 274	 620
3
 182	 189	 621
3
 309	 395	 622
3
 623	 275	 302
3
 220	 221	 624
3
 341	 396	 625
3
 626	 276	 340
3
 627	 397	 311
3
 191	 215	 628
3
 335	 277	 629
3
 185	 190	 630
3
 310	 398	 631
3
 632	 278	 305
3
 633	 203	 191
3
 311	 399	 634
3
 635	 279	 323
3
 636	 400	 341
3
 637	 221	 217
3
 337	 280	 638
3
 639	 401	 307
3
 640	 187	 173
3
 293	 281	 641
3
 402	 103	 403
3
 403	 104	 404
3
 404	 102	 402
3
 405	 106	 406
3
 406	 107	 407
3
 407	 105	 405
3
 408	 109	 409
3
 409	 110	 410
3
 410	 108	 408
3
 411	 112	 412
3
 412	 113	 413
3
 413	 111	 411
3
 416	 116	 414
3
 414	 114	 415
3
 415	 115	 416
3
 417	 118	 418
3
 418	 119	 419
3
 419	 117	 417
3
 420	 121	 421
3
 421	 122	 422
3
 422	 120	 420
3
 423	 124	 424
3
 424	 125	 425
3
 425	 123	 423
3
 426	 127	 427
3
 427	 128	 428
3
 428	 126	 426
3
 429	 130	 430
3
 430	 131	 431
3
 431	 129	 429
3
 434	 134	 432
3
 432	 132	 433
3
 433	 133	 434
3
 437	 137	 435
3
 435	 135	 436
3
 436	 136	 437
3
 440	 140	 438
3
 438	 138	 439
3
 439	 139	 440
3
 443	 143	 441
3
 441	 141	 442
3
 442	 142	 443
3
 444	 145	 445
3
 445	 146	 446
3
 446	 144	 444
3
 449	 149	 447
3
 447	 147	 448
3
 448	 148	 449
3
 452	 152	 450
3
 450	 150	 451
3
 451	 151	 452
3
 455	 155	 453
3
 453	 153	 454
3
 454	 154	 455
3
 458	 158	 456
3
 456	 156	 457
3
 457	 157	 458
3
 459	 160	 460
3
 460	 161	 461
3
 461	 159	 459
3
 462	  43	 463
3
 463	 102	 464
3
 464	  72	 462
3
 465	  74	 466
3
 466	 103	 467
3
 467	  73	 465
3
 470	 104	 468
3
 468	  44	 469
3
 469	  42	 470
3
 471	  45	 472
3
 472	 105	 473
3
 473	  74	 471
3
 474	  76	 475
3
 475	 106	 476
3
 476	  75	 474
3
 479	 107	 477
3
 477	  46	 478
3
 478	  44	 479
3
 480	  47	 481
3
 481	 108	 482
3
 482	  76	 480
3
 483	  78	 484
3
 484	 109	 485
3
 485	  77	 483
3
 488	 110	 486
3
 486	  48	 487
3
 487	  46	 488
3
 489	  49	 490
3
 490	 111	 491
3
 491	  78	 489
3
 492	  80	 493
3
 493	 112	 494
3
 494	  79	 492
3
 497	 113	 495
3
 495	  50	 496
3
 496	  48	 497
3
 498	  81	 499
3
 499	 114	 500
3
 500	  80	 498
3
 503	 115	 501
3
 501	  51	 502
3
 502	  72	 503
3
 504	  50	 505
3
 505	 116	 506
3
 506	  42	 504
3
 507	  83	 508
3
 508	 117	 509
3
 509	  82	 507
3
 510	  84	 511
3
 511	 118	 512
3
 512	  53	 510
3
 515	 119	 513
3
 513	  54	 514
3
 514	  52	 515
3
 516	  56	 517
3
 517	 120	 518
3
 518	  85	 516
3
 519	  87	 520
3
 520	 121	 521
3
 521	  86	 519
3
 524	 122	 522
3
 522	  57	 523
3
 523	  55	 524
3
 525	  59	 526
3
 526	 123	 527
3
 527	  88	 525
3
 528	  90	 529
3
 529	 124	 530
3
 530	  89	 528
3
 533	 125	 531
3
 531	  60	 532
3
 532	  58	 533
3
 534	  62	 535
3
 535	 126	 536
3
 536	  91	 534
3
 537	  93	 538
3
 538	 127	 539
3
 539	  92	 537
3
 542	 128	 540
3
 540	  63	 541
3
 541	  61	 542
3
 543	  65	 544
3
 544	 129	 545
3
 545	  94	 543
3
 546	  96	 547
3
 547	 130	 548
3
 548	  95	 546
3
 551	 131	 549
3
 549	  66	 550
3
 550	  64	 551
3
 552	  85	 553
3
 553	 132	 554
3
 554	  84	 552
3
 557	 133	 555
3
 555	  55	 556
3
 556	  73	 557
3
 558	  54	 559
3
 559	 134	 560
3
 560	  43	 558
3
 561	  88	 562
3
 562	 135	 563
3
 563	  87	 561
3
 566	 136	 564
3
 564	  58	 565
3
 565	  75	 566
3
 567	  57	 568
3
 568	 137	 569
3
 569	  45	 567
3
 570	  91	 571
3
 571	 138	 572
3
 572	  90	 570
3
 575	 139	 573
3
 573	  61	 574
3
 574	  77	 575
3
 576	  60	 577
3
 577	 140	 578
3
 578	  47	 576
3
 579	  94	 580
3
 580	 141	 581
3
 581	  93	 579
3
 584	 142	 582
3
 582	  64	 583
3
 583	  79	 584
3
 585	  63	 586
3
 586	 143	 587
3
 587	  49	 585
3
 588	  66	 589
3
 589	 144	 590
3
 590	  81	 588
3
 593	 145	 591
3
 591	  96	 592
3
 592	  82	 593
3
 596	 146	 594
3
 594	  52	 595
3
 595	  51	 596
3
 597	  98	 598
3
 598	 147	 599
3
 599	  97	 597
3
 602	 148	 600
3
 600	  68	 601
3
 601	  86	 602
3
 603	  67	 604
3
 604	 149	 605
3
 605	  56	 603
3
 606	  99	 607
3
 607	 150	 608
3
 608	  98	 606
3
 611	 151	 609
3
 609	  69	 610
3
 610	  89	 611
3
 612	  68	 613
3
 613	 152	 614
3
 614	  59	 612
3
 615	 100	 616
3
 616	 153	 617
3
 617	  99	 615
3
 620	 154	 618
3
 618	  70	 619
3
 619	  92	 620
3
 621	  69	 622
3
 622	 155	 623
3
 623	  62	 621
3
 624	 101	 625
3
 625	 156	 626
3
 626	 100	 624
3
 629	 157	 627
3
 627	  71	 628
3
 628	  95	 629
3
 630	  70	 631
3
 631	 158	 632
3
 632	  65	 630
3
 633	  71	 634
3
 634	 159	 635
3
 635	  83	 633
3
 638	 160	 636
3
 636	 101	 637
3
 637	  97	 638
3
 641	 161	 639
3
 639	  67	 640
3
 640	  53	 641
3
 342	  13	 223
3
 223	 103	 402
3
 402	 102	 342
3
 343	  14	 344
3
 344	 104	 403
3
 403	 103	 343
3
 404	 104	 224
3
 224	  12	 222
3
 222	 102	 404
3
 345	  15	 226
3
 226	 106	 405
3
 405	 105	 345
3
 346	  16	 347
3
 347	 107	 406
3
 406	 106	 346
3
 407	 107	 227
3
 227	  14	 225
3
 225	 105	 407
3
 348	  17	 229
3
 229	 109	 408
3
 408	 108	 348
3
 349	  18	 350
3
 350	 110	 409
3
 409	 109	 349
3
 410	 110	 230
3
 230	  16	 228
3
 228	 108	 410
3
 351	  19	 232
3
 232	 112	 411
3
 411	 111	 351
3
 352	  20	 353
3
 353	 113	 412
3
 412	 112	 352
3
 413	 113	 233
3
 233	  18	 231
3
 231	 111	 413
3
 414	 116	 356
3
 356	  20	 234
3
 234	 114	 414
3
 354	  21	 355
3
 355	 115	 415
3
 415	 114	 354
3
 235	  12	 236
3
 236	 116	 416
3
 416	 115	 235
3
 357	  23	 238
3
 238	 118	 417
3
 417	 117	 357
3
 358	  24	 359
3
 359	 119	 418
3
 418	 118	 358
3
 419	 119	 239
3
 239	  22	 237
3
 237	 117	 419
3
 360	  26	 241
3
 241	 121	 420
3
 420	 120	 360
3
 361	  27	 362
3
 362	 122	 421
3
 421	 121	 361
3
 422	 122	 242
3
 242	  25	 240
3
 240	 120	 422
3
 363	  29	 244
3
 244	 124	 423
3
 423	 123	 363
3
 364	  30	 365
3
 365	 125	 424
3
 424	 124	 364
3
 425	 125	 245
3
 245	  28	 243
3
 243	 123	 425
3
 366	  32	 247
3
 247	 127	 426
3
 426	 126	 366
3
 367	  33	 368
3
 368	 128	 427
3
 427	 127	 367
3
 428	 128	 248
3
 248	  31	 246
3
 246	 126	 428
3
 369	  35	 250
3
 250	 130	 429
3
 429	 129	 369
3
 370	  36	 371
3
 371	 131	 430
3
 430	 130	 370
3
 431	 131	 251
3
 251	  34	 249
3
 249	 129	 431
3
 432	 134	 374
3
 374	  24	 252
3
 252	 132	 432
3
 372	  25	 373
3
 373	 133	 433
3
 433	 132	 372
3
 253	  13	 254
3
 254	 134	 434
3
 434	 133	 253
3
 435	 137	 377
3
 377	  27	 255
3
 255	 135	 435
3
 375	  28	 376
3
 376	 136	 436
3
 436	 135	 375
3
 256	  15	 257
3
 257	 137	 437
3
 437	 136	 256
3
 438	 140	 380
3
 380	  30	 258
3
 258	 138	 438
3
 378	  31	 379
3
 379	 139	 439
3
 439	 138	 378
3
 259	  17	 260
3
 260	 140	 440
3
 440	 139	 259
3
 441	 143	 383
3
 383	  33	 261
3
 261	 141	 441
3
 381	  34	 382
3
 382	 142	 442
3
 442	 141	 381
3
 262	  19	 263
3
 263	 143	 443
3
 443	 142	 262
3
 384	  36	 385
3
 385	 145	 444
3
 444	 144	 384
3
 265	  22	 386
3
 386	 146	 445
3
 445	 145	 265
3
 446	 146	 266
3
 266	  21	 264
3
 264	 144	 446
3
 447	 149	 389
3
 389	  37	 267
3
 267	 147	 447
3
 387	  38	 388
3
 388	 148	 448
3
 448	 147	 387
3
 268	  26	 269
3
 269	 149	 449
3
 449	 148	 268
3
 450	 152	 392
3
 392	  38	 270
3
 270	 150	 450
3
 390	  39	 391
3
 391	 151	 451
3
 451	 150	 390
3
 271	  29	 272
3
 272	 152	 452
3
 452	 151	 271
3
 453	 155	 395
3
 395	  39	 273
3
 273	 153	 453
3
 393	  40	 394
3
 394	 154	 454
3
 454	 153	 393
3
 274	  32	 275
3
 275	 155	 455
3
 455	 154	 274
3
 456	 158	 398
3
 398	  40	 276
3
 276	 156	 456
3
 396	  41	 397
3
 397	 157	 457
3
 457	 156	 396
3
 277	  35	 278
3
 278	 158	 458
3
 458	 157	 277
3
 399	  41	 400
3
 400	 160	 459
3
 459	 159	 399
3
 280	  37	 401
3
 401	 161	 460
3
 460	 160	 280
3
 461	 161	 281
3
 281	  23	 279
3
 279	 159	 461
3
 462	  72	 192
3
 192	   1	 163
3
 163	  43	 462
3
 283	  13	 342
3
 342	 102	 463
3
 463	  43	 283
3
 464	 102	 222
3
 222	  12	 312
3
 312	  72	 464
3
 193	   2	 194
3
 194	  74	 465
3
 465	  73	 193
3
 314	  14	 343
3
 343	 103	 466
3
 466	  74	 314
3
 467	 103	 223
3
 223	  13	 313
3
 313	  73	 467
3
 468	 104	 344
3
 344	  14	 284
3
 284	  44	 468
3
 469	  44	 164
3
 164	   0	 162
3
 162	  42	 469
3
 282	  12	 224
3
 224	 104	 470
3
 470	  42	 282
3
 471	  74	 194
3
 194	   2	 165
3
 165	  45	 471
3
 285	  15	 345
3
 345	 105	 472
3
 472	  45	 285
3
 473	 105	 225
3
 225	  14	 314
3
 314	  74	 473
3
 195	   3	 196
3
 196	  76	 474
3
 474	  75	 195
3
 316	  16	 346
3
 346	 106	 475
3
 475	  76	 316
3
 476	 106	 226
3
 226	  15	 315
3
 315	  75	 476
3
 477	 107	 347
3
 347	  16	 286
3
 286	  46	 477
3
 478	  46	 166
3
 166	   0	 164
3
 164	  44	 478
3
 284	  14	 227
3
 227	 107	 479
3
 479	  44	 284
3
 480	  76	 196
3
 196	   3	 167
3
 167	  47	 480
3
 287	  17	 348
3
 348	 108	 481
3
 481	  47	 287
3
 482	 108	 228
3
 228	  16	 316
3
 316	  76	 482
3
 197	   4	 198
3
 198	  78	 483
3
 483	  77	 197
3
 318	  18	 349
3
 349	 109	 484
3
 484	  78	 318
3
 485	 109	 229
3
 229	  17	 317
3
 317	  77	 485
3
 486	 110	 350
3
 350	  18	 288
3
 288	  48	 486
3
 487	  48	 168
3
 168	   0	 166
3
 166	  46	 487
3
 286	  16	 230
3
 230	 110	 488
3
 488	  46	 286
3
 489	  78	 198
3
 198	   4	 169
3
 169	  49	 489
3
 289	  19	 351
3
 351	 111	 490
3
 490	  49	 289
3
 491	 111	 231
3
 231	  18	 318
3
 318	  78	 491
3
 199	   5	 200
3
 200	  80	 492
3
 492	  79	 199
3
 320	  20	 352
3
 352	 112	 493
3
 493	  80	 320
3
 494	 112	 232
3
 232	  19	 319
3
 319	  79	 494
3
 495	 113	 353
3
 353	  20	 290
3
 290	  50	 495
3
 496	  50	 170
3
 170	   0	 168
3
 168	  48	 496
3
 288	  18	 233
3
 233	 113	 497
3
 497	  48	 288
3
 200	   5	 201
3
 201	  81	 498
3
 498	  80	 200
3
 321	  21	 354
3
 354	 114	 499
3
 499	  81	 321
3
 500	 114	 234
3
 234	  20	 320
3
 320	  80	 500
3
 501	 115	 355
3
 355	  21	 291
3
 291	  51	 501
3
 171	   1	 192
3
 192	  72	 502
3
 502	  51	 171
3
 312	  12	 235
3
 235	 115	 503
3
 503	  72	 312
3
 162	   0	 170
3
 170	  50	 504
3
 504	  42	 162
3
 290	  20	 356
3
 356	 116	 505
3
 505	  50	 290
3
 506	 116	 236
3
 236	  12	 282
3
 282	  42	 506
3
 202	  10	 203
3
 203	  83	 507
3
 507	  82	 202
3
 323	  23	 357
3
 357	 117	 508
3
 508	  83	 323
3
 509	 117	 237
3
 237	  22	 322
3
 322	  82	 509
3
 173	   6	 204
3
 204	  84	 510
3
 510	  53	 173
3
 324	  24	 358
3
 358	 118	 511
3
 511	  84	 324
3
 512	 118	 238
3
 238	  23	 293
3
 293	  53	 512
3
 513	 119	 359
3
 359	  24	 294
3
 294	  54	 513
3
 514	  54	 174
3
 174	   1	 172
3
 172	  52	 514
3
 292	  22	 239
3
 239	 119	 515
3
 515	  52	 292
3
 516	  85	 205
3
 205	   6	 176
3
 176	  56	 516
3
 296	  26	 360
3
 360	 120	 517
3
 517	  56	 296
3
 518	 120	 240
3
 240	  25	 325
3
 325	  85	 518
3
 206	   7	 207
3
 207	  87	 519
3
 519	  86	 206
3
 327	  27	 361
3
 361	 121	 520
3
 520	  87	 327
3
 521	 121	 241
3
 241	  26	 326
3
 326	  86	 521
3
 522	 122	 362
3
 362	  27	 297
3
 297	  57	 522
3
 523	  57	 177
3
 177	   2	 175
3
 175	  55	 523
3
 295	  25	 242
3
 242	 122	 524
3
 524	  55	 295
3
 525	  88	 208
3
 208	   7	 179
3
 179	  59	 525
3
 299	  29	 363
3
 363	 123	 526
3
 526	  59	 299
3
 527	 123	 243
3
 243	  28	 328
3
 328	  88	 527
3
 209	   8	 210
3
 210	  90	 528
3
 528	  89	 209
3
 330	  30	 364
3
 364	 124	 529
3
 529	  90	 330
3
 530	 124	 244
3
 244	  29	 329
3
 329	  89	 530
3
 531	 125	 365
3
 365	  30	 300
3
 300	  60	 531
3
 532	  60	 180
3
 180	   3	 178
3
 178	  58	 532
3
 298	  28	 245
3
 245	 125	 533
3
 533	  58	 298
3
 534	  91	 211
3
 211	   8	 182
3
 182	  62	 534
3
 302	  32	 366
3
 366	 126	 535
3
 535	  62	 302
3
 536	 126	 246
3
 246	  31	 331
3
 331	  91	 536
3
 212	   9	 213
3
 213	  93	 537
3
 537	  92	 212
3
 333	  33	 367
3
 367	 127	 538
3
 538	  93	 333
3
 539	 127	 247
3
 247	  32	 332
3
 332	  92	 539
3
 540	 128	 368
3
 368	  33	 303
3
 303	  63	 540
3
 541	  63	 183
3
 183	   4	 181
3
 181	  61	 541
3
 301	  31	 248
3
 248	 128	 542
3
 542	  61	 301
3
 543	  94	 214
3
 214	   9	 185
3
 185	  65	 543
3
 305	  35	 369
3
 369	 129	 544
3
 544	  65	 305
3
 545	 129	 249
3
 249	  34	 334
3
 334	  94	 545
3
 215	  10	 216
3
 216	  96	 546
3
 546	  95	 215
3
 336	  36	 370
3
 370	 130	 547
3
 547	  96	 336
3
 548	 130	 250
3
 250	  35	 335
3
 335	  95	 548
3
 549	 131	 371
3
 371	  36	 306
3
 306	  66	 549
3
 550	  66	 186
3
 186	   5	 184
3
 184	  64	 550
3
 304	  34	 251
3
 251	 131	 551
3
 551	  64	 304
3
 204	   6	 205
3
 205	  85	 552
3
 552	  84	 204
3
 325	  25	 372
3
 372	 132	 553
3
 553	  85	 325
3
 554	 132	 252
3
 252	  24	 324
3
 324	  84	 554
3
 555	 133	 373
3
 373	  25	 295
3
 295	  55	 555
3
 175	   2	 193
3
 193	  73	 556
3
 556	  55	 175
3
 313	  13	 253
3
 253	 133	 557
3
 557	  73	 313
3
 163	   1	 174
3
 174	  54	 558
3
 558	  43	 163
3
 294	  24	 374
3
 374	 134	 559
3
 559	  54	 294
3
 560	 134	 254
3
 254	  13	 283
3
 283	  43	 560
3
 207	   7	 208
3
 208	  88	 561
3
 561	  87	 207
3
 328	  28	 375
3
 375	 135	 562
3
 562	  88	 328
3
 563	 135	 255
3
 255	  27	 327
3
 327	  87	 563
3
 564	 136	 376
3
 376	  28	 298
3
 298	  58	 564
3
 178	   3	 195
3
 195	  75	 565
3
 565	  58	 178
3
 315	  15	 256
3
 256	 136	 566
3
 566	  75	 315
3
 165	   2	 177
3
 177	  57	 567
3
 567	  45	 165
3
 297	  27	 377
3
 377	 137	 568
3
 568	  57	 297
3
 569	 137	 257
3
 257	  15	 285
3
 285	  45	 569
3
 210	   8	 211
3
 211	  91	 570
3
 570	  90	 210
3
 331	  31	 378
3
 378	 138	 571
3
 571	  91	 331
3
 572	 138	 258
3
 258	  30	 330
3
 330	  90	 572
3
 573	 139	 379
3
 379	  31	 301
3
 301	  61	 573
3
 181	   4	 197
3
 197	  77	 574
3
 574	  61	 181
3
 317	  17	 259
3
 259	 139	 575
3
 575	  77	 317
3
 167	   3	 180
3
 180	  60	 576
3
 576	  47	 167
3
 300	  30	 380
3
 380	 140	 577
3
 577	  60	 300
3
 578	 140	 260
3
 260	  17	 287
3
 287	  47	 578
3
 213	   9	 214
3
 214	  94	 579
3
 579	  93	 213
3
 334	  34	 381
3
 381	 141	 580
3
 580	  94	 334
3
 581	 141	 261
3
 261	  33	 333
3
 333	  93	 581
3
 582	 142	 382
3
 382	  34	 304
3
 304	  64	 582
3
 184	   5	 199
3
 199	  79	 583
3
 583	  64	 184
3
 319	  19	 262
3
 262	 142	 584
3
 584	  79	 319
3
 169	   4	 183
3
 183	  63	 585
3
 585	  49	 169
3
 303	  33	 383
3
 383	 143	 586
3
 586	  63	 303
3
 587	 143	 263
3
 263	  19	 289
3
 289	  49	 587
3
 588	  81	 201
3
 201	   5	 186
3
 186	  66	 588
3
 306	  36	 384
3
 384	 144	 589
3
 589	  66	 306
3
 590	 144	 264
3
 264	  21	 321
3
 321	  81	 590
3
 591	 145	 385
3
 385	  36	 336
3
 336	  96	 591
3
 592	  96	 216
3
 216	  10	 202
3
 202	  82	 592
3
 322	  22	 265
3
 265	 145	 593
3
 593	  82	 322
3
 594	 146	 386
3
 386	  22	 292
3
 292	  52	 594
3
 595	  52	 172
3
 172	   1	 171
3
 171	  51	 595
3
 291	  21	 266
3
 266	 146	 596
3
 596	  51	 291
3
 217	  11	 218
3
 218	  98	 597
3
 597	  97	 217
3
 338	  38	 387
3
 387	 147	 598
3
 598	  98	 338
3
 599	 147	 267
3
 267	  37	 337
3
 337	  97	 599
3
 600	 148	 388
3
 388	  38	 308
3
 308	  68	 600
3
 188	   7	 206
3
 206	  86	 601
3
 601	  68	 188
3
 326	  26	 268
3
 268	 148	 602
3
 602	  86	 326
3
 176	   6	 187
3
 187	  67	 603
3
 603	  56	 176
3
 307	  37	 389
3
 389	 149	 604
3
 604	  67	 307
3
 605	 149	 269
3
 269	  26	 296
3
 296	  56	 605
3
 218	  11	 219
3
 219	  99	 606
3
 606	  98	 218
3
 339	  39	 390
3
 390	 150	 607
3
 607	  99	 339
3
 608	 150	 270
3
 270	  38	 338
3
 338	  98	 608
3
 609	 151	 391
3
 391	  39	 309
3
 309	  69	 609
3
 189	   8	 209
3
 209	  89	 610
3
 610	  69	 189
3
 329	  29	 271
3
 271	 151	 611
3
 611	  89	 329
3
 179	   7	 188
3
 188	  68	 612
3
 612	  59	 179
3
 308	  38	 392
3
 392	 152	 613
3
 613	  68	 308
3
 614	 152	 272
3
 272	  29	 299
3
 299	  59	 614
3
 219	  11	 220
3
 220	 100	 615
3
 615	  99	 219
3
 340	  40	 393
3
 393	 153	 616
3
 616	 100	 340
3
 617	 153	 273
3
 273	  39	 339
3
 339	  99	 617
3
 618	 154	 394
3
 394	  40	 310
3
 310	  70	 618
3
 190	   9	 212
3
 212	  92	 619
3
 619	  70	 190
3
 332	  32	 274
3
 274	 154	 620
3
 620	  92	 332
3
 182	   8	 189
3
 189	  69	 621
3
 621	  62	 182
3
 309	  39	 395
3
 395	 155	 622
3
 622	  69	 309
3
 623	 155	 275
3
 275	  32	 302
3
 302	  62	 623
3
 220	  11	 221
3
 221	 101	 624
3
 624	 100	 220
3
 341	  41	 396
3
 396	 156	 625
3
 625	 101	 341
3
 626	 156	 276
3
 276	  40	 340
3
 340	 100	 626
3
 627	 157	 397
3
 397	  41	 311
3
 311	  71	 627
3
 191	  10	 215
3
 215	  95	 628
3
 628	  71	 191
3
 335	  35	 277
3
 277	 157	 629
3
 629	  95	 335
3
 185	   9	 190
3
 190	  70	 630
3
 630	  65	 185
3
 310	  40	 398
3
 398	 158	 631
3
 631	  70	 310
3
 632	 158	 278
3
 278	  35	 305
3
 305	  65	 632
3
 633	  83	 203
3
 203	  10	 191
3
 191	  71	 633
3
 311	  41	 399
3
 399	 159	 634
3
 634	  71	 311
3
 635	 159	 279
3
 279	  23	 323
3
 323	  83	 635
3
 636	 160	 400
3
 400	  41	 341
3
 341	 101	 636
3
 637	 101	 221
3
 221	  11	 217
3
 217	  97	 637
3
 337	  37	 280
3
 280	 160	 638
3
 638	  97	 337
3
 639	 161	 401
3
 401	  37	 307
3
 307	  67	 639
3
 640	  67	 187
3
 187	   6	 173
3
 173	  53	 640
3
 293	  23	 281
3
 281	 161	 641
3
 641	  53	 293
